50
-3 -796 -93 -185 104 -751 142 189 -861 202 -991 -583 554 -786 790 340 458 132 -271 -24 780 624 -561 -148 -70 -155 268 698 142 -217 36 -894 -582 -17 -113 89 67 935 -72 714 822 952 985 -345 5 -46 922 496 -353 675
-301 916 -599 782 980 -936 -276 -82 -468 111 -132 632 277 -424 -73 -312 -445 337 859 187 776 -30 -111 816 -697 -892 285 772 127 500 -268 -454 -520 -745 -925 -820 -42 679 -198 137 541 -690 -917 -176 438 89 -447 -107 -910 -505
-398 -919 280 434 -561 -528 866 -750 -278 633 -160 770 -612 656 463 992 531 -634 47 -268 -646 183 952 766 73 -424 129 -547 -226 666 778 -628 -15 639 -809 454 983 903 -222 -72 854 -342 375 491 -258 -877 -836 356 787 838
-388 -55 -806 14 66 -89 -109 -504 -982 -526 549 635 778 523 -245 -264 500 -218 -779 -636 -17 913 -228 186 979 -708 4 141 -31 66 -382 -835 -249 752 -502 -177 -279 584 -573 979 136 -50 335 -962 108 -880 -159 -987 -133 702
-189 131 49 61 -130 -243 -581 -187 -281 -957 -490 169 660 -335 -147 347 868 -987 280 -369 -864 -413 -6 396 -697 -889 632 -568 -211 -699 -753 133 205 785 709 -184 -173 336 -81 -113 35 -286 346 -83 -703 -323 6 216 495 -648
702 273 -241 1000 647 392 925 647 271 -981 -116 -974 490 -579 379 81 697 -197 411 109 976 492 162 -317 -568 -55 202 295 340 269 -454 -908 713 950 406 -397 -251 -108 -33 -878 253 -718 102 683 286 26 -728 259 -625 -741
223 -583 -207 631 943 148 705 -910 -4 -783 931 482 675 656 970 200 -569 576 91 -456 -584 66 523 -793 -127 26 -674 106 -529 319 -697 51 799 726 -283 -874 -855 -258 -204 -285 -273 -159 -927 736 15 12 -918 1 226 231
-123 813 -865 563 146 -467 920 949 809 576 487 -225 -955 -502 943 -920 163 -378 143 669 573 -764 -396 912 597 564 687 901 162 264 -932 -678 74 720 -43 379 -473 -255 -125 123 -658 575 -217 144 924 528 446 -98 -195 8
-640 -116 28 882 -681 -804 -372 433 969 -377 -558 -664 159 328 -845 739 360 857 869 216 893 -911 410 -259 -828 -293 15 -496 270 -192 854 40 752 -669 -522 -805 960 385 810 -585 498 -943 -638 -851 -267 -45 -297 -733 803 -23
313 151 -917 417 -542 558 706 -409 348 485 -566 -173 -188 719 -509 700 -708 566 -654 841 166 -747 -43 -195 906 -842 -423 652 921 675 840 -807 838 -339 -782 797 798 -898 -577 -130 -318 -406 -1 -565 523 -331 -181 -730 -141 1
633 275 615 -785 -369 -642 -23 -94 -329 -665 139 540 -973 984 430 -127 -201 531 332 -366 -253 -647 971 453 688 -788 397 -835 -2 -326 792 523 152 -248 -336 -700 -28 -208 -273 -385 735 -812 160 -604 215 -912 648 -759 -270 66
897 -305 -939 -203 -531 -748 469 36 284 46 437 497 -223 -793 -617 578 503 -901 -171 -519 251 412 643 275 -708 -991 32 448 -652 -439 380 -727 405 648 89 217 -438 -748 43 264 20 765 -729 -390 -279 87 343 -354 913 -878
-580 -181 415 -84 -977 -889 -274 -44 -172 -858 -459 -462 -625 -337 -983 262 -587 485 -314 -223 227 842 -743 -478 771 -412 -811 829 440 400 717 -77 986 -18 310 392 559 -895 422 -169 -526 318 805 975 24 203 -196 399 -847 -534
875 -735 265 5 922 -449 937 947 -612 -717 -498 -938 345 422 -56 -888 373 -794 -694 -240 798 -929 601 -666 692 803 647 67 467 -983 9 -649 162 36 994 -69 -56 183 557 359 967 62 848 490 -292 -35 -603 -135 -769 -379
-525 -243 -356 -711 318 715 -727 36 708 452 551 -303 758 -556 743 679 -85 228 488 604 -530 547 -143 -551 -472 830 556 -281 -470 866 -857 -565 -947 261 106 -850 -50 -495 32 -910 197 223 354 950 -709 -338 -837 -318 -394 -446
255 -257 719 -706 131 -546 -130 294 -797 128 -850 455 49 102 336 -827 -998 314 -838 406 -864 -30 467 -524 80 -606 -905 588 975 -908 220 -408 961 -848 70 -299 80 447 -627 -3 956 400 -919 780 -907 -171 -396 700 289 -521
-576 722 387 603 930 830 -766 -613 142 77 -773 -4 641 90 111 -172 867 -215 335 -600 -694 954 942 319 91 371 56 -394 -134 906 507 -553 230 463 -290 -199 -673 661 -827 -675 -122 -637 -20 638 704 -221 699 204 400 -708
-355 -847 -785 -78 -165 683 288 952 -95 -460 705 981 -32 -713 967 166 -446 591 -505 -668 -748 812 324 -650 -990 518 778 -60 630 392 81 936 81 592 -148 -775 -766 -279 519 -107 184 672 840 594 -325 -253 -635 223 -236 855
-529 351 -630 27 993 -736 431 -95 716 -142 445 906 -165 761 -129 -815 -811 272 -328 625 -437 -884 -657 846 333 782 -795 -998 178 -342 308 966 758 -496 227 -806 990 -367 883 52 -365 -990 713 518 917 -26 600 -731 33 -934
-757 304 799 467 802 791 693 -155 -585 406 428 858 801 717 -518 -820 616 -670 -518 168 20 -186 358 827 808 386 -355 -553 326 -653 -710 347 57 -357 -186 -454 189 -560 846 -409 7 -481 802 666 725 -214 377 -312 406 -350
-857 496 297 -176 -248 470 -826 454 401 331 -590 322 491 547 -621 555 184 -246 -710 258 -296 -909 -270 636 -913 267 873 -76 -791 340 373 -351 385 -881 351 -615 -527 257 196 -116 297 -753 545 255 638 -117 -219 611 -296 -423
-794 601 -439 106 -667 -210 534 -621 196 -101 -5 -581 -762 148 287 -485 134 65 -794 -739 -22 -693 927 -83 816 -953 683 -161 605 -604 -777 376 -307 125 752 -985 242 718 534 -410 -208 -230 466 250 123 634 740 -518 -661 664
939 -581 -977 430 -999 -275 236 630 476 -91 -91 525 3 868 545 83 -349 891 -493 967 -695 -586 -927 -367 119 165 394 473 956 147 930 553 393 -462 -619 -604 979 -14 -663 -6 614 -278 691 -594 -548 -870 -689 585 634 732
-503 -737 838 696 926 996 148 -61 -350 -60 -741 -752 -829 -347 965 -397 -273 -466 -52 -255 -306 -355 -454 686 683 -534 -635 850 -358 593 324 -329 -155 764 -626 921 407 322 961 -77 461 105 482 746 -428 -998 -129 632 -769 401
-264 -665 -998 863 4 -389 -937 -422 29 -359 -53 181 149 308 728 7 -450 575 -976 -414 -679 -703 -332 -259 67 966 -401 366 303 -824 -3 708 556 -65 -657 -917 970 992 568 767 -125 -203 530 -75 577 291 859 926 -678 662
763 119 -422 126 -461 327 872 671 327 -135 -485 -932 892 -864 539 510 -291 24 428 -399 907 -395 -764 976 55 -666 54 -75 -961 -349 615 -908 33 477 826 -691 -443 678 -810 979 -938 191 -88 801 455 619 616 282 334 242
-764 401 869 -407 115 519 -90 562 -49 972 711 722 -63 53 467 -636 405 384 493 302 660 -220 292 -31 -522 453 990 -307 451 296 -35 767 -13 -8 -308 94 -893 -209 -362 528 513 -38 572 207 -530 929 531 -38 -207 796
542 -947 119 652 -136 -836 -155 -514 432 829 -692 983 474 -273 -601 627 62 704 467 418 -173 -256 211 153 434 -989 830 -93 328 531 -905 -355 253 -365 -397 321 -662 802 -419 -287 -779 -358 197 763 -942 351 -357 744 324 27
-502 -698 -748 -611 -886 -248 -872 649 -591 447 43 -871 683 858 -975 229 849 -492 -281 -552 738 -543 -563 346 396 243 329 -173 679 524 -772 372 -875 -746 859 -568 710 718 -129 620 -644 343 -345 764 963 652 -363 -989 702 429
-135 729 -888 -766 406 -321 -260 -667 -158 -388 -46 -572 725 -652 -182 -721 -907 -524 68 -325 143 -95 -156 -294 738 -574 -521 254 -249 -388 387 -307 -519 611 20 -607 -285 435 846 -110 -745 948 -208 -782 -293 -808 861 799 964 145
105 416 -724 -68 -484 -569 184 922 406 786 -53 -860 82 641 -929 -489 676 165 -550 -453 539 189 748 62 864 209 408 -699 958 -707 -211 -633 -965 -79 175 658 -371 -725 11 634 -382 -283 -377 613 -850 -27 232 -407 -915 -583
-243 975 -986 493 747 -455 -36 198 575 33 -235 75 -83 740 -544 -508 -935 -147 -15 342 528 -401 -231 -528 967 188 -594 -64 -423 922 -766 439 -393 579 684 349 -104 -42 922 -748 423 -110 -279 675 -977 -477 97 126 -217 49
-444 660 323 -901 -756 -136 179 34 695 496 -146 357 -431 -464 497 -210 -310 255 120 -113 -446 798 220 70 701 -284 759 460 874 -94 -256 -587 -809 712 -232 171 -817 -113 -449 593 -702 -680 50 341 326 -45 -602 239 533 534
527 -914 554 556 468 -223 312 -76 -716 761 307 141 251 267 -574 588 -390 868 -413 -824 -861 396 -143 288 -604 -881 119 837 645 461 -268 972 -642 748 -247 -244 -174 161 -896 -43 101 -808 480 -969 -997 -99 -554 135 84 332
-687 997 904 800 -510 976 996 -338 -153 366 -832 756 679 -289 298 797 -831 -547 396 -32 53 -247 714 -162 -762 874 835 -402 693 365 754 993 -719 -833 182 55 713 -2 887 795 -910 -753 -745 440 -227 -389 -999 -269 -374 919
72 30 312 -518 15 -329 302 909 -563 188 123 786 681 19 797 906 -429 466 -341 -655 -289 -919 -706 -289 -54 182 533 29 -767 942 147 616 -441 -600 -722 651 -840 -254 -194 946 -67 -195 95 162 -894 768 796 374 -873 436
888 -97 897 9 424 438 -497 -933 -93 -88 61 -504 -92 -433 916 882 -498 -319 44 -900 775 -826 961 -340 158 -942 588 -253 699 919 -222 391 574 -386 729 -465 365 782 855 223 285 78 408 171 62 -92 367 -186 724 -586
617 -822 -898 -55 -689 -943 -818 -91 56 -898 767 964 204 -41 -254 -784 -758 296 -313 -960 -586 -686 313 670 232 485 -463 650 -925 450 464 -738 -973 -779 -842 -38 995 -690 613 -569 65 -370 -863 -980 413 -351 -60 -113 367 -203
985 -227 516 957 -277 -763 -258 3 -631 559 310 -955 26 -102 291 -835 -351 860 -90 489 599 368 -51 394 -652 -353 978 -769 -750 -556 657 -913 622 21 -859 -352 -816 103 -808 154 -824 -632 357 -59 -950 144 -739 739 -123 889
825 -925 944 -889 308 301 399 88 551 -745 -691 -702 -649 69 988 914 801 406 284 165 -896 -2 -274 -643 -972 434 650 -117 -741 978 -320 -100 -825 535 -281 -381 522 -231 -546 140 -307 -681 -916 843 482 -943 796 -41 628 551
982 -6 602 534 443 984 -683 16 115 -711 -846 908 -799 -157 61 62 650 371 715 925 731 185 518 618 -745 204 -604 736 241 -84 -309 -719 -396 -265 -294 290 -167 741 -593 -284 75 620 673 -951 -56 -428 -926 -381 -777 -710
-59 560 -985 -697 528 -246 -4 793 -902 -908 -667 776 81 563 -484 -311 -184 -537 233 20 -482 -731 667 127 -816 322 403 584 864 -863 -800 255 36 242 -467 -619 195 455 -786 306 551 187 -990 -942 957 586 151 -679 -577 -255
911 -662 -512 -523 829 -959 -991 745 78 172 -638 301 -888 530 715 414 714 -30 -295 -800 -68 5 -716 857 -779 986 30 215 7 -145 46 -958 -217 959 190 -956 -638 -618 976 424 -862 658 -429 398 905 104 110 -652 -141 -471
283 -271 -798 592 209 -960 -999 941 -421 40 -65 542 -148 -813 571 343 -955 -999 939 608 818 573 -137 856 163 537 -513 -974 967 50 651 972 510 793 -144 -635 179 618 -404 732 -171 914 -862 445 42 -191 168 -605 -878 526
-867 340 -354 998 -665 273 617 289 436 -32 59 118 939 349 388 378 199 259 -636 -465 974 -512 -138 575 37 635 753 987 -161 -700 303 -313 188 805 720 -671 721 -482 -677 261 -544 -628 -616 479 -669 -983 593 477 -727 594
936 727 -752 -166 -568 -408 733 -481 50 -433 715 -55 -737 690 -334 -537 -517 -606 16 -840 -744 -778 -273 252 -308 -190 391 -757 329 -701 101 -331 149 -677 -352 971 129 978 101 710 60 -972 731 -234 -775 162 -510 41 435 946
-928 424 -205 -838 976 -829 -943 744 266 427 996 911 -791 782 -323 784 206 104 -646 266 558 -546 -630 -565 740 -663 369 -18 -285 543 426 57 -782 -948 -726 -9 470 912 -742 -236 -98 -188 -581 385 945 102 466 -912 -639 888
26 535 652 302 317 932 -425 74 734 693 164 -512 691 -697 -948 585 -398 860 352 -363 -182 -84 -184 -986 535 99 12 -810 -869 381 355 208 980 220 -216 918 67 472 -485 364 910 161 748 880 84 -573 -959 148 939 173
-575 -325 777 -987 88 823 -254 910 513 821 -581 -965 864 -712 -365 494 460 507 -137 880 -551 -731 -645 -794 664 -823 770 -565 -885 692 261 -991 -42 911 -218 150 184 245 685 -830 -736 631 -730 -668 -690 -284 374 587 -535 111
888 701 -369 -331 -92 19 762 -539 -507 -492 768 -302 -48 44 953 402 -730 677 972 -779 899 631 -543 -223 748 -211 -799 904 -120 -329 -110 -875 654 -347 -113 366 271 774 -848 -864 736 -832 -17 610 228 -672 -330 481 183 797
