1000
1 32579562 612984151
3 75504849 838958733
3 504596204 529337619
2 1
3 74449723 147773078
3 863448739 905810586
3 117387210 522152237
3 219311281 552880294
1 393863868 786303729
1 747600417 981793223
3 234299528 509283870
3 274618455 426299758
3 524407956 676595993
3 68726627 365881524
3 355125996 659670544
3 101286067 145977331
3 630444845 809836541
1 386687820 709231529
2 2
2 4
3 271794522 329481892
3 670781280 780044037
1 874355958 984471237
3 27301169 53997271
2 3
1 260282130 956264868
1 238499741 935390036
3 192374730 727806283
3 361833171 530441511
2 6
1 258973172 865631691
2 7
3 811498213 985415740
3 114913564 206056900
3 699468046 737678172
3 142264099 946331551
1 573959192 924330110
3 62584430 849342824
3 466909439 573510739
1 445128078 521072074
3 261915519 593317720
3 44436318 627513456
2 10
3 681741839 871767164
2 9
1 9985302 911024089
1 670813272 736425399
3 114317967 527221966
3 441364571 656831058
3 645006943 863692286
2 11
1 168686889 224702915
3 210530013 341699945
3 32596431 353471466
1 271256834 845027202
3 115636263 372449451
1 155016843 274871895
3 501964665 927297032
3 659492197 843863448
2 5
3 196401684 952820261
1 123228429 632175776
2 16
1 232409613 623606612
1 450321508 599301194
1 567272040 591747096
1 81224698 314997692
1 792821764 994898612
3 271076827 486950127
3 229366508 332221550
3 69516757 383793738
2 19
3 301833303 545254234
2 14
1 81871018 696929011
2 17
2 15
3 573198568 685575228
3 138214310 523547533
3 90543733 611713145
3 50672137 812383345
3 524982266 730360296
3 471111718 886952638
1 447691736 744092521
3 40252224 576338142
3 610955216 742510418
3 179769198 559976848
3 35752521 997527695
2 18
3 250866182 980004882
1 48761320 804426464
3 152837600 704996897
3 106083369 123584327
1 240834981 579131691
3 561859665 581774867
2 12
2 21
1 919247685 929343882
3 138345035 864176438
2 26
1 143795383 697239607
1 137445879 463901513
3 473261040 977293143
2 20
3 34195764 262594672
3 25880379 367497795
3 131519350 797045777
3 392424612 400371339
3 81511281 84342891
3 868347850 946236669
3 664200746 892460314
1 219342123 723963870
3 590023433 901530535
3 223127077 927734947
2 23
3 105669823 608925762
2 22
3 291151810 493384336
2 8
3 200351742 388098398
3 140349235 520905132
1 8636589 552109753
3 511393542 608386646
1 444135837 857423314
2 24
3 506584527 781350075
3 552970444 792005851
2 13
1 340990707 783056734
2 29
2 25
3 187038884 904799538
1 254488168 311991558
2 31
3 141600974 486920938
2 27
3 350926619 775507565
3 324568102 588906543
1 566609965 698505502
3 56117132 221757732
3 99468081 471653583
3 89233274 413114453
1 183562773 311652081
2 32
3 163685251 888201476
3 190492005 938678590
3 66974223 394424703
3 405476294 827961207
3 347076511 438978792
2 34
2 33
2 30
2 35
3 62131850 943270918
3 308766357 997658898
1 385594451 712526361
1 112084249 353579675
1 128006399 226700339
2 38
3 76012489 203644925
2 36
3 204869085 385058114
3 435612613 634546433
1 275790357 434702301
3 194220298 386557339
1 578401141 951600846
3 47531600 739192945
1 443684709 698428467
3 92988986 248270329
3 327288218 827208073
3 832483111 923081514
3 527246814 691395709
1 196842543 572800589
3 286275234 812766793
2 37
3 240000982 244891044
1 387289880 845022932
1 47247015 545132553
3 184850636 738417615
2 40
3 412178509 953599272
3 221853348 321703211
3 338012469 523131708
3 70108458 156008152
1 269285117 416063072
1 84921015 421789358
1 47457557 184653154
3 753082507 883477351
3 261213065 368738346
2 47
3 61901882 122155091
3 147597406 554791547
3 398972891 771792519
1 714028757 926328281
3 287101190 718230379
3 163597913 782366476
3 405918715 431398184
3 150512116 300871247
3 701331063 821122265
3 837928126 996234177
2 39
3 772915590 865064161
1 267198509 418948191
3 589368702 608403098
3 301214350 387150303
2 44
2 48
3 51421514 110737393
3 171498522 198730243
1 168116261 721189879
1 440445021 570073012
2 45
2 50
1 783221737 902019592
1 305650602 916318231
3 518175176 929305238
3 652011485 906628667
1 753449111 895139572
3 110549284 145794395
2 53
3 466134126 826608071
2 28
2 46
2 52
1 392928381 882279501
2 51
2 49
1 131237259 372504113
3 470224983 521642710
1 436026677 606723691
3 9120889 747700644
3 79875859 249533331
3 460511125 642348210
2 42
3 279736395 540422363
1 201583013 784977648
3 273606047 913030984
3 370536647 652818518
2 41
1 57196882 444952761
1 373332518 568721192
3 613171778 910668054
3 178500534 452424707
2 57
1 230132883 759524293
3 86279387 270629842
2 54
1 322180537 614441627
3 272851322 962313708
1 274758861 552489416
1 57972781 414912151
1 356040586 861133780
3 100910321 247967039
3 937150564 981894926
1 50577275 118376767
2 43
3 421539901 496107401
1 61593831 221644522
3 175434674 500188772
2 58
2 55
1 21735269 685099150
2 56
2 60
2 61
3 13131472 226136383
3 609456083 666222550
3 687756731 885559200
1 168565412 191634106
3 446376637 713162449
2 67
1 65397422 409337566
1 708002229 794359350
3 301624225 332332723
2 64
3 27412455 852422914
1 652069728 835533885
2 63
1 8736416 390169771
3 517313248 751364007
1 244711868 811789200
3 371800146 637150595
3 171826089 219935765
2 59
3 97028587 215438640
3 450284043 793224189
3 137020757 238317411
3 67683322 84853397
1 921901698 962676993
3 282309831 876059602
2 74
2 65
3 517280100 801071877
3 310038718 711710308
3 53458997 624242057
2 73
1 145384001 200159678
2 72
3 202561270 628665997
3 668616760 893956599
1 351532381 880367710
2 70
2 66
1 242108913 499067470
1 121978554 163939538
3 191912045 617226682
3 19232893 418190852
3 257420238 284692632
2 79
1 138779917 842585001
1 81534038 867658238
2 76
2 69
2 62
2 80
3 900466 173467019
1 15497694 248498128
1 442828005 872332347
1 113738999 128275441
1 316920511 683360477
3 176973458 657919254
3 476418563 639054634
1 42402555 716732375
3 327579614 849633904
3 571372975 860467031
1 759096247 974418564
3 363199441 894791631
3 38350248 780306381
1 617864229 787300292
1 583400062 639081264
2 78
3 264284350 435387682
3 781332103 944168488
3 160668776 359474158
3 499618685 750200939
3 251831290 619525334
3 126361752 493112765
1 102252765 963869833
3 233366613 328811985
3 523010921 766107509
3 174151134 229558466
3 381504137 834834546
3 738661535 953410443
2 85
3 386386551 668393639
2 86
1 712683460 884650891
3 575620205 891892169
1 143528709 163632524
2 89
2 91
1 66705392 221078488
3 15091414 220587174
1 274823465 638659159
3 477897118 619130819
1 32720297 666494196
3 471657055 803716062
3 41818942 848514811
1 531122144 715821002
3 692394053 814692794
2 82
3 232468830 482494621
3 42740009 585258438
3 49798372 52283930
1 90810608 269260573
3 161119143 969617522
3 296066342 806568692
3 5142875 111260332
3 88282181 929284572
3 15778316 651738418
3 137417738 996505719
3 237985127 825082756
3 244057525 886702218
2 94
1 104240600 303005707
1 485864417 917287029
2 90
3 216261300 651627003
1 373139174 963428368
3 11335613 906128330
1 236812975 803306907
3 295349321 704756485
3 65094989 864830197
2 92
3 7368192 971540678
3 289334011 706842640
3 768067664 812016765
2 75
1 85830335 529057839
3 21769870 760853893
2 97
1 513743374 881463195
1 267242199 904376520
3 661340140 819938292
1 31198759 873576494
3 28535914 673167007
2 84
3 202838194 712086492
3 132820794 859185853
3 177125365 804776808
3 404871721 824565595
2 102
3 55890309 313429606
1 477765661 878098638
3 886785100 945829489
3 694874147 817894864
2 96
3 64117741 809219764
1 661116628 999130103
3 136006282 908491426
3 39762890 186801957
3 590625382 930135717
1 644569336 671095145
3 286653097 975378675
2 98
3 564665109 575682256
3 37435018 936051396
1 277988591 590898998
3 6093200 737276253
2 106
3 642402283 930434763
3 321464865 606971481
1 244986775 359837826
2 108
3 40239742 210312369
1 67101506 877997663
3 304476212 656990098
2 77
1 314770651 838809702
3 186099187 813860238
2 81
3 235218205 591214710
3 24169789 502595182
3 279706975 435712541
2 100
1 504743277 732428630
3 304556796 643381948
3 50859372 86232581
3 527272508 691621777
3 517108649 709354273
3 735109194 770731359
1 567759352 926772546
2 105
1 133652502 743722235
3 190345275 221128815
3 149408947 928490921
3 220268413 435058276
3 645916905 983337519
1 445580670 739113163
2 68
3 270075474 510703996
2 107
3 563625453 624754705
2 111
2 116
3 271972814 870843563
3 31457798 929488618
3 65766575 544361677
1 101882144 293724466
3 397219576 402960801
2 110
1 95428322 216613574
3 131913408 773713442
1 468008658 952311290
3 80869363 183016326
1 71086920 561934259
1 406821993 992225335
1 79141871 675378280
1 4555990 98064667
3 167088697 365869694
2 88
2 101
3 315620648 425497267
2 99
3 554445985 800275951
3 283795972 318453215
3 5899985 450838356
1 139351964 396195600
1 60244561 717806092
3 777291333 975723284
2 95
2 87
1 186069616 586540531
3 369450063 933488931
1 519339157 905627421
2 117
2 103
3 406987528 451982744
2 121
3 72381086 814783011
1 523620718 753786219
2 128
1 119495512 203644190
1 278051418 339156106
3 142696862 711422945
3 251784857 411844021
1 301236174 966059343
2 118
3 771583271 990211470
3 220571543 275023515
3 542578484 687761679
3 176969223 359827742
3 171018846 712398512
3 637052706 791859806
2 115
2 130
1 729719964 779357425
3 151736868 524744125
2 124
3 8025295 428347515
3 685913958 982397863
1 339387188 607371144
2 114
2 120
1 94695710 479644185
2 133
3 311248886 527259627
3 520732038 685729486
1 226054518 550905757
3 554758389 815249424
3 229150921 367171825
3 232433251 829628025
3 265723937 335808767
1 390550390 428538660
3 297559069 857196111
3 10802557 503081548
1 625998487 651662777
3 30001174 392631752
3 340133041 640028530
3 609293703 751467505
3 141595472 536204531
1 468853894 501992532
3 626380248 753271191
3 542490264 916836911
3 537803930 745440775
1 353585785 536342836
3 562182616 624191022
3 356880136 851627820
2 83
3 706757753 870686718
3 208948812 628560765
3 397018837 445885085
1 89214673 259485727
1 96721124 267201774
3 32365026 533471229
3 719732783 883784069
3 496981693 734597826
3 179797563 842833621
3 908495970 953504020
3 120398264 323055398
3 712075919 925301299
3 293466096 419321206
1 116219241 995427945
3 339230544 512617197
1 169573286 288492383
3 704534889 727485951
3 186069224 813723031
1 234799003 911689312
1 250917339 533276345
3 537096743 905709081
3 801707141 961582366
2 125
2 119
3 330585740 667123468
3 146008165 935988597
2 138
1 196308545 635616789
2 143
3 54075983 384947201
3 102210164 574522417
3 317011829 887494525
2 113
3 226656773 410429479
1 323117955 484032560
2 126
2 140
2 104
3 602497427 629616796
3 383187426 540394334
3 116362300 564584071
1 34308290 746110514
2 147
3 160940063 457783875
3 454336733 460433996
3 154298531 289058040
2 129
1 642498563 788027887
3 250286803 660558367
3 680405099 702410621
2 112
1 243508755 316999693
3 37406110 234578830
3 643693639 908144468
3 197562791 824311011
3 123610808 511809005
3 120107654 383217510
3 243844823 709752143
2 131
1 130759960 285564460
2 144
1 276589515 460706101
1 367474878 858154015
1 11443177 251414167
3 54882378 743406100
3 178131969 860421918
3 373955596 996756680
3 445812601 964545225
1 706988916 752773021
3 38356666 891146882
1 360317107 734838578
3 724109591 849638450
2 136
3 50549277 706340227
2 148
2 156
2 109
2 150
3 60130353 165832018
1 505830490 532966594
1 245671124 408441467
3 54206906 645037232
2 122
1 439028173 942090098
3 165577328 532616457
3 36781279 598923778
2 137
1 403873300 920202877
1 38120427 272433757
3 521959913 824229483
3 228843620 577001726
2 160
1 279314406 583829595
3 698128079 924876715
3 176333213 347394056
3 304354414 787496945
2 145
3 12253634 944906133
3 17532351 411525308
3 60327591 323970206
2 159
3 183570234 605695246
1 213724862 672227465
3 121339952 254318890
3 460323235 814723724
2 146
2 153
1 230694616 374138509
3 73410879 674474094
3 134064648 774363975
3 19524462 385841575
3 483140715 988862738
3 632997789 899324221
1 375208951 595915403
2 165
2 164
2 71
3 538547873 663151430
2 132
3 33355587 143401410
2 157
2 127
3 63612846 509921514
1 240041657 989479618
2 154
1 548697481 814461603
3 241176705 263988058
2 141
3 494062680 846542481
3 265882729 553519597
3 80094522 471376214
3 384744136 477578696
2 166
3 724812951 895161741
3 180513971 802967790
1 191295896 306351730
3 262785025 822407778
3 519929720 565927482
2 93
3 189506006 351865106
1 487113285 496722781
1 22238937 147861192
3 51954789 620669024
3 216415921 736392881
2 135
3 476849589 668089099
2 149
1 422821545 659973756
2 167
3 69725389 648003957
1 192279766 584940571
1 80715100 295951185
3 80877850 398277721
3 174424386 193779327
3 396708343 880304233
1 103919899 286398083
1 228077292 319838304
3 44942575 403103674
2 158
3 412685675 907428515
3 162410389 470858476
3 42369597 518610388
3 567715135 575621589
3 791006823 906854502
3 609537312 667302868
1 959883792 966924653
3 96415222 119953282
3 605008661 862397785
3 392891770 403878341
1 412879110 649495042
3 141793122 247266467
3 333715571 596814045
2 161
2 170
1 7630075 564341209
1 611957120 767755131
2 155
2 173
3 706407432 937638004
1 209089959 938991216
1 503323859 964717335
3 452067392 817090116
3 393303852 831882605
3 92472580 313707641
3 467304292 941304388
2 172
1 479101261 656691130
2 182
3 45917367 290469198
2 181
3 419220271 924294593
2 178
1 234971874 503134416
1 131002571 688635831
2 139
3 7071668 568430024
2 123
1 53101940 612074243
1 568045120 879191617
1 634018295 816014094
2 134
2 152
1 11431624 216342849
2 171
1 219222153 648565386
2 162
2 163
3 773430029 955292518
2 186
1 699234246 740905539
3 295285015 904671932
1 851931363 998710588
3 82357128 298150735
3 112543408 766938088
3 98405034 357889419
1 817628872 855296536
1 451861244 639833120
2 184
1 351654688 540588957
2 190
3 622759802 688274556
1 77830596 181287255
3 190293636 706217644
3 296631850 387755498
2 185
2 189
3 508580081 821599626
1 263565201 690548955
3 37964587 425723018
3 610774746 907832492
3 246233142 780613078
3 409843567 898447806
1 237141791 777140216
3 246442831 840674250
3 234295255 891706302
1 140815044 783325068
3 379821912 654620750
3 493122927 933819724
3 513847607 604483715
3 580358668 683404795
2 198
1 135064909 229408029
2 180
2 191
3 118447465 935297818
1 103457909 210104115
2 176
1 397422222 664997079
2 201
3 20846362 311596497
3 6744912 743229512
1 332073169 539266394
1 348557083 869630504
3 65167730 233480137
3 10239172 791901203
1 108873346 625825590
3 62006816 212725415
3 438833032 526499105
1 114338028 201472177
1 16229352 818723328
3 19448305 398556719
3 229148440 358562911
3 214170618 778894363
1 730900898 736105478
3 510938149 977499456
3 400375891 579680929
3 392674543 602803107
3 107117584 435707011
2 192
3 120181559 886901033
1 351625549 467845823
3 194582932 787554104
3 164915983 668184840
2 187
2 205
1 17583725 63419579
2 194
3 475318196 818375160
1 102905222 290737631
2 197
3 167429784 495024821
3 389003213 869720209
3 1577353 231716054
3 24442237 829112900
1 77144858 789561339
2 207
1 582303582 819813838
3 577275091 852345883
2 210
2 196
3 452375210 572503464
2 169
3 18773310 634385632
3 407596254 776246352
3 307251341 928528472
3 266789354 294004784
3 60570087 143096797
3 300573569 518092733
3 116315119 806928248
3 123440000 766241615
1 554696593 565624697
1 57116082 891256907
3 248212515 833127520
2 208
3 26525450 201086688
3 136811100 787962196
3 115542504 166430215
2 199
3 146660941 270115715
2 212
3 174595279 502691829
3 63125288 750710276
3 95857630 915954051
2 193
3 181999606 761066198
1 236826595 603050704
1 282533544 326996605
1 312849427 375214998
2 217
2 211
2 151
1 460423672 739749749
1 238937170 865559989
3 198660932 555276576
1 352010415 890159445
2 213
3 23813584 193586139
2 204
3 368757028 652185551
1 107908210 763138950
3 621627688 781460871
1 509183100 522964647
1 510590551 854245654
1 153540319 155692697
3 688709226 887906580
2 142
2 183
3 348027624 562772796
3 90853158 549595880
3 440684682 984822233
2 179
3 381581252 845561741
2 202
2 218
3 12435919 290296406
1 653748219 687041037
3 199862093 354139798
1 141743048 345497323
3 617793564 758582838
3 317912436 394347279
2 175
1 649065222 872479848
3 182804927 761175632
3 267565729 422090937
2 215
3 340623108 702802659
3 31340244 38933193
2 188
3 123266854 304348660
1 343510813 363719872
3 222056172 318810998
3 109758942 673039784
3 51285329 118012462
1 33433023 509565558
3 240489845 242734064
3 448244306 511610911
3 38197716 664230893
3 73602962 720804120
3 349468342 796660060
3 181345018 684692188
1 130716616 587529387
3 774590749 838907797
3 427220872 630184543
3 618675052 675666452
1 369462538 589589876
3 32103774 834739648
3 373717876 417205073
3 44728430 268604655
2 230
2 195
1 740016443 925205737
2 200
2 177
3 420092192 465138362
3 616133762 704152669
2 226
3 603364181 689352446
3 391686208 722354498
2 216
3 6588446 803811841
3 246779305 764320139
3 270101300 480380057
3 483042049 794304997
3 24353918 957236320
3 556233676 606348838
3 70753751 594898424
1 99081059 782669555
1 552913300 799762260
3 278172999 427711480
1 5897235 642996569
1 114034541 128734117
2 203
2 220
2 223
2 209
2 214
1 77009625 165400414
2 228
2 225
3 88799270 500927923
1 306764714 770136151
1 433758458 964620084
1 315377466 464410905
1 117023960 420621213
3 48578681 893355442
1 191776157 829463217
3 705504624 815713553
2 236
2 231
1 383262595 898736603
1 610369321 684177405
2 219
2 244
3 6964695 14435765
3 552261716 833232874
3 872842242 954363961
2 229
3 156747343 934347469
2 224
1 717288660 919261826
3 541960524 829750509
3 829997532 911228811
2 240
3 92861994 838838305
3 253870125 875667324
3 63917684 68853677
1 109409888 203228176
3 235836058 686789238
2 238
2 245
3 767033748 769396982
3 378066440 782731328
3 514656934 883074390
3 94193238 356570396
1 696892998 839547367
2 242
3 216133556 951487239
1 215456234 996366059
2 239
3 708809635 987130717
1 205170166 523299741
3 2152710 93880746
2 206
1 656503632 817540669
3 542653409 684763760
3 427716372 687612207
2 168
3 552292881 837521390
1 243201118 252059282
3 487474717 931552237
3 617746160 829915798
