1000
3 147596757 985797557
3 168238022 936027057
1 593225766 988326298
1 487060902 775106197
1 324831565 943772114
1 658432379 881917548
1 480905109 540198906
3 364093503 422632509
1 191456223 260602191
3 156396958 841559471
1 317912708 727367482
3 292962561 978225663
3 138177190 818302616
1 290796417 648525010
1 506008756 689174686
1 97563869 685672289
3 129497913 660352872
3 644206553 876584783
1 393586455 877079418
3 218390554 856353560
1 621993250 743930620
1 269806614 575495856
1 98477205 104055850
1 275727540 572135578
1 84484801 342964328
1 842969774 853685859
1 830313565 927826568
3 172389843 179450889
1 54949526 134573435
1 112834338 262428914
1 193459369 947787560
1 29685567 559064661
3 139771527 469951631
3 24877609 318799986
1 137883291 280772634
3 164281619 460388507
1 70532908 536305516
1 209408845 840139076
3 444459082 490200710
1 13213386 592066181
3 188638021 363225784
3 365328690 513130458
1 228490431 378890434
1 738602081 955219792
3 261867935 978418971
3 227056654 955725334
1 359622133 800933515
3 74959313 999049648
3 43534750 102547879
3 184673200 657739704
3 685016274 958820629
1 485294461 644408821
1 314791908 745852254
1 826300903 838117344
1 285696174 803177813
3 175530264 364902542
1 45616454 958446970
3 194176671 363289533
3 177747030 262717970
1 292434842 615368620
3 109083491 146652254
3 139428323 266004883
1 227966920 954482946
1 111725031 115942156
1 322237950 872724025
1 295947361 837948051
1 30987081 221196052
1 446923203 669172853
1 22364637 649005050
1 178189546 254365324
1 290342826 328596027
3 146345428 165984147
3 448729080 489955625
3 490627041 987298961
1 450325400 997115705
3 460477670 587371526
3 179076059 253426792
3 436115139 709942428
1 270077503 616236519
3 474649068 724569082
3 180152608 917340266
1 167211455 924962533
3 878769661 925197534
1 138590362 889008277
3 622987567 651281775
3 202459753 603442555
3 40601751 230582253
3 230822226 866109580
3 166743501 366233837
3 273677771 279920729
1 961542500 974362388
1 584591137 949192304
1 166085594 167247731
3 258799329 323616279
3 81907009 199900009
1 116289297 256912121
1 9621185 579994920
3 285514213 381871898
1 174014228 576789040
3 47060550 961211345
3 83376542 213913000
3 848923980 881955141
3 79131485 388999875
3 470051642 593568564
3 58059339 940743147
1 562615495 674376293
1 654484460 790503845
3 464184475 567814801
1 22366021 82833456
1 403176713 670803406
1 155209175 848091603
1 27752834 400688770
3 39840573 311296261
1 346935158 807375375
3 740644113 820544782
3 82732756 509854798
1 273791496 397501740
3 552834543 897625003
1 111246033 148550931
1 811316955 934992396
3 279153861 897669626
1 510083808 992231841
3 274959329 399533391
1 374356140 585516203
1 236942533 799877055
3 536784913 712480171
3 177990901 967519411
3 137172982 264970274
1 671833773 733595187
1 163511628 460968528
3 570272624 903830452
3 898525601 949178125
1 222875189 991964332
3 105152264 959922302
1 769409545 876859418
1 95749356 179429651
3 88638709 324166979
1 623421314 828059256
1 222467206 343318578
1 197618368 863769753
1 167176748 211112700
1 147671527 982648664
3 172934692 306977638
3 201042288 742167771
1 421385629 748758033
3 703730406 899243743
3 146757983 805906101
1 131834631 680198196
1 27310880 458375594
3 479903207 664536884
3 32406635 97396784
3 285397902 478233369
1 298292000 588743863
1 89775243 111377359
3 639533955 690859148
1 178751850 890312859
3 144691581 739225777
1 607198003 941319766
1 429123938 878244725
3 156676039 170878961
1 354067638 773522455
1 594167565 876186715
3 251337343 577923870
3 140432222 991297658
3 320567697 624212706
3 102285522 118374518
1 835568189 949412976
1 432994827 612291775
3 455936367 749873762
3 135487242 353174562
3 784980839 947909169
3 279017161 757303132
1 345152485 988173454
1 858957353 958015303
3 190334268 543510278
1 14370594 304296489
3 126675346 610946322
3 137144825 581311311
3 59744656 980374375
1 6087839 175565920
3 430697817 974669636
1 754550858 912172319
1 178279865 363296249
3 173167495 484329209
3 332283001 742017412
1 214707109 229768972
1 242603526 509751991
3 160860456 309205370
3 282432794 584845308
3 245007045 522954007
1 220401616 821790944
1 143459191 232323134
1 109220891 935777329
3 11047495 567395794
1 155923896 727229565
3 315882465 377628581
3 9423116 228116581
1 129707791 915335717
1 189325817 585179173
1 184369203 310171976
3 756096044 949672219
3 155231370 259942829
3 149122518 456729496
1 332304219 443980425
3 583522456 877161206
1 119960358 847421031
1 155534569 214532474
3 248732996 578945179
3 80784772 456949821
3 838846536 977985972
3 146882971 249723148
1 41602298 790374420
1 10788039 554508407
1 293043777 752545915
3 685663337 878865248
3 825326591 868019868
1 229978296 607702451
1 554298773 828122449
1 229080481 258617577
1 272803839 294931710
3 44253246 119106067
3 257169569 618187715
3 8256566 194699877
3 281002683 664627766
3 87454882 486152669
3 235019867 640346400
3 186222281 448025305
1 171406611 894396350
3 324216729 944884219
3 101663258 894175006
3 63898781 144123251
1 296881929 845862911
3 218942276 501687455
1 36283760 91924393
3 648449570 931346069
1 528048469 578939946
1 69033535 359145533
3 585549841 891300553
1 439563 819939727
3 42444820 149437959
1 441315962 907542683
1 53005540 942997404
1 168198967 462848358
1 100273634 466600476
3 227976580 735560031
3 133870253 690224885
1 805415891 990732230
3 27937222 738506701
3 71165648 257580728
3 831988574 955233710
1 45916929 493508013
3 31486600 406860971
1 213278155 355986264
3 201111524 558572121
3 707166739 766049892
3 573635126 605678786
3 702194446 904830656
1 30723182 538316940
1 220110903 742099707
1 452559014 497334796
3 527663878 973577017
1 151132885 795787190
3 796359692 832934708
3 62604347 960241337
3 262833038 703789025
1 160901739 697096831
3 307564652 634620461
1 576811773 746453099
1 471826987 535617079
3 207943250 414605098
3 34101028 671486875
3 27663654 189223202
3 225705232 834401435
3 690014062 980825092
3 66418588 821576659
3 754313383 939650652
3 780012486 891163883
1 634506564 920067908
1 191986521 292591516
1 148776373 885195367
3 135602980 646247788
3 80188547 462721866
1 641401473 662017454
3 247879046 632130193
1 785280058 800468715
3 366631327 379769260
3 591906571 962549489
1 72492155 252938693
1 14741840 273943999
3 533092399 745698158
3 476178572 785890014
3 383230429 572499224
3 398256282 498041582
3 31698962 485465658
1 416728586 826496807
3 214095435 514909236
1 405879428 915495295
3 482549053 758130215
1 367628119 545359705
1 99881110 232718874
1 114454282 414682215
1 329125219 432879001
1 776778968 797437989
3 851321963 943481166
1 409111187 559871056
3 198188162 204121440
1 53216099 884356483
1 663530238 703117692
1 176180645 439041264
1 52263659 793177583
3 213057292 527468128
3 161362600 638363050
1 103728780 324062471
3 782937765 944808765
3 248942893 610889775
3 232284889 579152444
3 210130786 446604380
3 367094017 533734261
1 459027901 695428402
1 9172367 364885158
3 175024929 780894150
1 742483336 957949235
1 590659761 693970205
3 188763494 332066178
3 175661019 734935957
1 26176057 951325979
3 188789444 383006894
3 84111534 369287480
3 74950178 353467724
1 780049458 801819437
1 495986510 914833532
3 108504353 508791363
1 418422771 816418030
3 83038851 201380602
3 757923268 840759060
3 249599112 356006957
3 824174547 900281121
1 804944723 980431295
3 131470339 140659969
1 113782871 367021904
3 125753572 278045638
1 85398410 280707723
3 238480007 976123894
3 67108152 150532005
3 503417242 964336603
3 301180565 861780093
1 142824653 177443141
3 410657723 468167179
1 401606977 949406472
3 240599869 378976407
1 701380497 935518996
1 153105477 449708706
1 98014390 143825297
1 722141599 810692265
1 448819430 456783502
3 192098894 700652683
3 95734238 579884378
1 496524766 990598433
1 276300506 954084968
3 265240624 307682777
1 69924307 141064783
1 137245048 973935817
3 257793008 621576762
3 279193228 293801488
1 372134473 731652809
3 272220724 471153624
3 378502597 452802460
3 415126974 460539411
3 851735731 873000354
1 183625763 954952323
1 328514238 468442929
3 351770783 415326473
3 90436028 413314338
1 23470173 973631503
3 233879476 397359744
1 279094987 893319181
3 45266847 632473427
3 126556148 539234282
1 805704444 929572214
1 23520019 503042766
3 269560298 485359987
1 821644462 866050040
1 272872998 394538670
3 3548414 384994480
1 565181088 969030101
3 155339933 499952369
1 65147255 947551662
3 121999189 962176412
3 232388771 269957525
3 160431627 354627947
1 85363145 238715429
3 688386707 818831488
3 188108358 446277854
1 45421747 233160554
1 575932157 844339841
3 94688472 610326988
1 732240218 865309371
1 253739080 814918867
1 415694151 466447616
3 71623648 815625686
1 402285586 519664457
3 305977410 527728940
3 460410147 555730054
3 93282539 400014915
3 51528834 885477415
3 682258833 987500442
3 116513392 222435849
3 502697340 543999610
3 297114880 639888656
1 553931873 607228692
1 207988964 929220991
1 15320845 137108989
1 798166842 944961873
3 102825319 788961796
3 186102452 556801561
1 700472149 890187511
1 363103213 757464297
1 293498196 315144793
3 227792993 401643476
1 37459968 356662654
3 83595255 130587944
3 380390114 995639688
3 738267418 772727722
3 182057362 807321106
3 270654672 551086432
3 401564122 763127895
3 144557671 234661734
3 137275942 630599024
1 452839456 538388014
1 347855073 595421449
3 133610810 524362275
3 169201432 603863490
1 136426606 689826677
3 26218837 692941513
3 81804184 952484799
1 538090783 573840290
1 130404880 454852902
1 55483183 347472182
3 767381388 885258053
3 191474116 907950627
1 218811531 527669458
3 135292436 213616590
1 310625043 611785909
1 241754594 763735214
3 362351640 701692606
1 117718252 477793795
3 703310780 705593142
3 575678977 786771585
1 782848181 885618285
3 938385361 959926661
3 132690937 248536716
3 79064215 527771532
3 134848972 922851674
1 37002391 354415729
3 633458387 778812644
3 299734988 538424059
3 265477135 654093445
3 103473694 598827345
1 143939869 810691614
3 214976641 633700850
1 54733628 812944945
3 69766655 452112367
1 408940924 749378064
3 82567605 260139446
3 201443 946968767
3 383458388 508033154
1 14036309 332520566
1 543064745 876775968
1 478512977 603166551
1 76520632 569639514
1 86433493 814694740
3 232174302 685960663
3 73662560 966618737
3 48925270 123299168
1 368282994 777262900
1 506352684 750519028
3 399927909 416836886
3 9150438 470438293
1 183673009 212857459
1 219282210 561591188
1 231775848 490040454
3 33263711 350608694
1 594067505 726918241
3 92050450 274793221
3 837712390 842601815
3 48842813 996292423
1 479858064 489657362
1 257650706 926642161
3 308890763 514537719
1 660817784 661513238
3 204452620 222251757
3 543090699 590667942
3 501583321 912627953
1 800007890 944107209
1 541668571 548764772
3 261686569 381447465
3 666795443 956651091
3 113635609 965514265
1 144777851 188249459
1 262532034 989660434
3 431961179 505902981
3 257611438 394003594
3 31397218 511645135
3 95671840 859129736
3 31257764 162551793
1 368058759 447682423
3 328065003 472036202
1 393537763 771358537
3 25264097 236887216
3 699343071 925911778
1 343873225 757300210
3 655001130 687871747
3 935647716 999313719
3 323232831 763570604
1 371841766 585396021
3 217777571 411400412
1 464806897 668917482
3 784670285 844818294
3 783387923 896056731
3 366027578 829683078
3 300882220 518626031
1 137775445 827054428
3 945700357 963818918
1 56876899 936199277
1 431200753 618638841
1 76898324 381758916
3 112791066 670924195
3 432981503 777228395
1 2719166 68175007
1 186072767 263637957
1 445076853 615131023
3 597627501 963884875
3 592515169 753915221
1 224772567 864293844
1 193105319 678529204
1 261203846 508095918
1 107855057 265750054
1 100240792 960116876
1 22688332 65905727
3 225224439 814749560
1 840434585 877874383
1 9225323 939756551
1 41760454 816718410
1 27485349 562248693
3 68054043 897300875
1 528308104 569917639
1 21825112 662006406
1 461605093 899887241
3 355751746 656807985
3 293233621 947726903
1 312768972 667155859
1 314458899 743408864
1 521921341 950876768
1 25246609 636882552
1 577895071 632499474
1 400420091 632105135
3 214175667 756830029
1 765881092 846969359
3 607312794 638050005
3 61530359 665162847
3 290166341 598731499
1 116836152 414193381
3 213724255 584520993
3 113048663 686064880
3 145318956 725022847
1 724164859 965484446
3 77792851 589698842
1 88649271 271412063
3 79075433 134079612
3 125196280 612828223
1 204308058 624212963
1 176208140 608376271
3 490236844 899630293
3 317044393 987148460
1 409982047 848558482
1 152373235 940051339
3 249031519 788828391
1 226863506 824486639
3 235197042 929767889
1 442039089 639137560
1 295809067 338131112
3 173368496 604192737
3 166281224 537143919
3 420135306 997700447
1 62495893 284046723
1 50067322 131831846
3 9790745 993206304
1 543919250 756507747
1 228117732 821121279
1 325266337 893002025
1 352264673 382539526
1 784016547 894946162
1 110080068 617141212
1 704278969 937498375
1 119939953 786057163
3 115950942 842628809
1 512055090 628824484
1 33339988 281432497
3 246896024 524843809
1 20448037 186848526
3 868170636 896958066
3 81619683 254883821
3 22719463 327058362
3 163417231 478303375
3 277000153 282324416
1 344924231 817726631
1 105815737 117026819
3 114941 618548836
3 487670098 990667494
1 698448003 954978351
1 80137060 922608026
1 47837011 628250064
1 8368886 757879063
3 63975969 389352075
3 249554106 945622769
1 171274834 737507765
1 161142202 427960770
1 18443601 882650568
3 365068944 464676192
3 771424147 794201050
1 37520062 294684520
1 383086781 596830440
1 51585148 267275896
1 227849222 417802843
3 141155630 565183818
3 734767110 963644311
1 375362234 463761531
3 418777607 477570796
1 323290671 713394537
1 16938686 663448908
1 147638629 373565593
3 472946398 818654234
1 64082415 463131672
1 438314647 650040825
3 9896669 360014969
3 11857084 970390633
3 25532255 683934370
1 27228821 366244628
1 69920835 649637196
3 595747259 668586865
1 87655988 113264896
3 281091759 978791262
3 68272415 798949429
3 231359975 675228500
1 123554162 612142901
3 655001332 813869020
3 76703716 887883765
3 125939332 624704269
3 717234889 853626799
1 304184692 868965840
3 438336441 493885536
3 8618172 816109333
3 215380457 947921620
3 8710586 86738215
3 511948314 618408009
1 57728921 661032681
3 392519050 416946596
1 372232998 630969667
1 45875418 896331867
1 562436364 977404470
1 1940282 685387522
1 692391000 705836946
3 73100779 878938649
3 219422083 763221344
3 311251004 820384428
3 77531908 792342763
1 499407262 949638719
1 368589400 747520015
1 44442503 368912723
1 292646830 908861648
3 899695443 952208830
3 334091726 660717157
1 249127041 817136166
1 268363791 543586272
3 283773855 703373244
3 149147286 927649897
1 373005018 386679030
3 238039180 805662504
1 324182299 801062820
3 499627233 842563565
1 259330467 486636483
1 986752 174932486
1 265828093 842300982
3 312448063 920566494
1 667536005 695783565
3 232323633 260877879
1 77516265 695103873
3 323136004 840992472
1 354355454 690006197
3 463596710 742374280
3 433357829 712026366
1 111833154 174272302
3 196559372 719440542
1 150531472 776601071
3 611621338 935165889
1 10646857 840461963
3 156352102 262382956
1 210259930 705046327
1 235066714 326611924
1 544829807 553997092
1 150763780 727858495
3 282260333 835641597
3 377227731 730281868
3 40650518 762977579
1 96355754 131025014
1 509419224 967090032
3 38995785 489107135
3 313242222 370329856
1 77088294 146834254
1 698926620 991725178
1 850899811 856993060
1 323371300 683173317
1 70861059 257473873
3 66319753 943817448
1 281197866 960222888
3 285843357 560823665
1 219278699 872354152
1 34045917 892394596
1 272042623 976001186
3 188710781 531294821
1 163913566 365032116
3 130057366 291251392
3 434463717 661147863
1 211600361 658421436
3 165110189 856982791
3 220608903 638645822
3 415026290 987872746
3 143467513 819321572
1 695877714 795106490
3 271078086 608664829
3 704466147 949476002
3 355076455 723436932
1 144687761 257845013
1 549507770 914692346
3 325773757 494244401
1 897805344 908067958
3 89197182 998695420
1 533355017 899087478
3 34338114 741975853
3 310641149 749809281
1 665040740 791237268
3 153098095 270319145
3 215467117 884024633
3 248747765 351849747
3 245728855 828042807
3 94689508 212971493
3 232479075 585810051
3 359295528 604396050
1 11101343 640873283
1 303576205 767640383
3 530902817 819480360
1 359934532 713580000
1 37999297 541570429
3 82045479 745739543
1 187486375 933790315
1 75641558 850155979
1 301876039 528593827
1 68283888 730390070
1 426227332 881212940
1 243739549 484315316
3 390735696 896786824
3 543891288 639316935
3 303640730 512654211
1 231334464 909013660
1 65777865 89215047
1 262076708 861367238
1 244171436 527434848
1 49431268 234892758
3 519391997 875599978
3 338580774 912053756
3 386090264 552859031
1 328729996 944076183
1 377882027 937204199
1 112192505 693460201
1 454205407 596389600
3 251286901 956812104
1 415631469 583866308
3 170477411 778930287
1 777679711 952608444
1 494700183 787570571
3 579716538 701279786
3 219891139 985569500
3 29768915 516461081
1 524190343 962997776
1 578412859 596780957
1 584881123 614448477
1 464610414 559257366
3 617583090 796000831
1 3942564 152431456
1 527886198 553875146
3 250753233 698498811
1 56286691 123029009
1 678422060 978887650
1 399673196 447531862
3 153693773 521038947
3 702381862 852427518
1 458765893 809576262
1 273292892 949690088
3 137784330 353787248
1 540783348 562526910
3 189047432 741191204
3 114679045 533742605
1 122355788 662047514
1 232768463 532865692
1 283669521 873432783
1 288141281 908866446
1 35270153 305617844
1 281122734 906562076
1 76571491 671179150
1 371627638 440210312
1 645230967 745177826
3 110247463 244590226
1 795589945 996977543
3 351766611 875475418
1 66748656 943876271
1 278532407 627935099
1 346490572 369687973
1 741664623 774871134
3 230385596 926773729
1 134684085 257834653
3 554285119 885754477
3 386963459 664532015
1 197220274 892552182
3 71325872 908030290
1 415321358 531464090
3 441017611 570898471
1 357121161 380941525
3 286556505 837106527
1 644657544 799764607
1 64969636 683108364
1 93844305 907823853
1 410491108 623405216
1 70930651 718405168
1 135407595 344926878
1 64873015 757801063
3 124984803 166491494
3 529948961 906387788
3 525512983 898232848
3 488420473 879610951
1 204773363 940580001
3 377979807 939302146
3 144807993 257852854
1 948072411 991241770
1 200072602 796901444
3 196475902 593905090
1 227073049 411484878
1 531993167 852478583
3 178127369 940512032
1 211258663 281970361
1 332790693 612798000
1 354091990 466899156
1 76911566 111836956
3 469752619 598160136
1 218084006 901934373
1 491212508 649992413
3 171876056 301020340
3 93058903 923651343
1 70964710 334393513
1 210979183 238634657
1 241343709 517725816
1 98516841 444236209
3 624742722 720763195
3 432907457 603295868
3 714795090 995045440
3 269413988 640043435
3 736931020 789340624
1 49234869 149054185
1 22844884 183759173
1 404227501 597403925
1 220270546 846909936
3 33188458 715087764
3 307437746 852325998
1 380592000 574233245
3 283013210 698440344
1 51578508 149324832
3 391132277 955083014
3 18755402 145410823
3 247488781 758997764
1 475442514 818837992
3 42158652 828403276
1 17544526 87813750
1 177596283 752916566
1 244403903 867961198
3 405974731 740263792
3 175768554 577437303
1 295241131 526868511
3 750476902 771716952
1 627001133 802942194
1 141984959 935403339
3 325346271 558365178
3 111483720 401279279
3 40981408 545779024
3 710801785 967115837
3 780310286 803900379
1 426424292 674216519
1 220138788 928185924
3 41583607 198261918
1 568118519 931927336
1 762581438 957991021
3 551028264 826519752
1 578260766 806872181
1 803826156 850701886
3 166669260 537613036
3 177694239 862395394
3 579530877 850529048
1 44400786 164725779
3 778024971 811276889
1 67947359 386074889
1 118050158 935934969
1 193898222 965375951
1 344902038 918730001
1 160266859 428260453
1 91586321 670748587
1 744597371 970878169
1 63372629 134844006
1 141250536 301142060
3 442232155 988735838
3 251984855 469974269
3 409522173 753525320
1 311113274 783915527
3 597716752 830605965
1 589482190 638062991
1 686165745 775793161
1 261851875 869599245
1 465373844 610284231
1 43107285 274963128
1 267990558 484911916
1 78262849 481659341
3 855993578 978351171
1 74026231 521149906
3 744874723 883266979
3 289490504 675782649
3 399709746 507517837
3 867220829 990535610
1 132464574 767572250
1 291735702 861813843
3 515465617 943174201
3 71669100 666449695
3 791492520 873592478
3 371741970 697817852
1 378019023 799800497
1 361048578 931026206
3 88257154 656488341
1 183400447 328397907
1 282547641 907375120
3 51440025 412926623
1 676775062 853635814
3 158882106 653194399
1 707486801 850134560
3 36970389 848734923
1 95028981 516753892
3 318256118 583091887
1 170978280 673951724
1 101330045 681740660
3 3279550 410282120
3 322390794 494390318
3 86551906 418419721
3 680777130 816207343
1 571612370 641824823
1 294711139 589161511
3 407765780 959281231
1 205026808 714703185
3 598441611 895243006
3 858553865 937660825
3 230525193 696610068
3 325187314 409544771
3 108684537 665350606
3 510703727 874330114
1 815705937 853705660
3 61847070 274703032
3 272616295 833383176
1 154796313 468901333
3 80591133 298716060
3 4567965 628731084
1 827653729 999404831
3 47337898 858153401
1 601636746 849026097
1 45698458 843823001
3 335340591 495226672
3 272520379 596560392
3 486775079 914335340
3 378357040 805225304
1 142833216 852033457
3 298960188 340092290
3 584349197 784852753
1 175805142 245749099
1 145731142 932581492
3 179036793 894263692
3 495647828 717448353
1 270989829 404344748
1 213453367 242981871
1 406385829 944338929
3 337895351 443579108
1 168517263 683604743
3 88328890 961803516
3 52373489 176051621
1 108377699 151751257
3 196778077 899319039
3 124028139 683897888
3 29003970 310289165
