100
57
153167 308203 516232 572823 1623622 1764263 2037984 2529006 2568983 2636069 2786663 2828727 2911062 2957322 3002252 3012953 3014951 3126777 3700318 3919652 4071209 4506446 4538010 4550276 4619818 4699163 4763796 4946865 5167905 5266371 5299567 5351904 5355157 5391986 5442052 5626942 5668405 5678192 5933244 6025655 6256073 6502835 7163227 7328000 7681144 8012372 8322493 8368266 8729245 8852717 9027522 9172413 9353412 9378965 9429662 9477288 9619502
23
237518 301322 415174 806945 901360 932815 952950 2452563 2572476 3800727 4044430 4164969 4863605 5024598 5074013 5645882 6453881 6641860 8113745 8845218 9711985 9957309 9958865
83
180044 307527 559705 562772 756845 779151 950849 1023232 1212055 1256801 1278709 1308165 1338234 1372949 1501785 1524386 1676626 1755119 2269950 2469541 2492693 2516460 2670863 2721988 2763518 2978713 3175559 3219253 3286457 3462712 3550097 3649842 3827969 4508932 4516614 4625518 4638909 4726908 4759102 4767580 4788537 5222046 5292327 5405998 5421417 5470906 5612032 5680185 5698759 5733445 5884914 5938736 6027914 6122145 6271334 6294845 6499429 6511496 6521157 6580380 6604386 6702935 7076103 7128388 7271218 7393231 7531928 7600466 7674897 7764570 7823074 8242935 8344911 8377430 8484372 8555259 8592798 8881191 8881967 9166120 9347662 9501606 9805994
54
186736 384553 624167 846640 983198 1028063 1133684 1240800 1398860 1512046 1768011 1790410 2039900 2213133 2767066 3175043 3220717 3314044 3745237 3863477 3961479 4330450 4385631 4467891 4559836 4805779 5282329 5294845 5339119 5341101 5459657 5482678 5726186 6099253 6212938 6624832 6666449 6860438 6955256 7102753 7365098 7386614 7495419 8003027 8076922 8285933 8438528 8818306 8859574 8953310 8983443 9698752 9917026 9955174
55
410879 464327 1618922 1835344 1881879 1912583 2566134 2700095 2714834 2757152 3038629 3518129 3529149 3834723 4260886 4432126 4731212 4739340 4997880 5177468 5281857 5355218 5597204 5694023 5695501 5715559 5994261 6120074 6557791 6573994 6675004 6697339 6876204 6895633 7046173 7112195 7189854 7214547 7222838 7499577 7537142 7957071 8196227 8423571 8589656 8873456 8877385 9119321 9188610 9218094 9359895 9388664 9659960 9715659 9802664
66
50513 64095 328603 335137 395245 430469 533987 1176154 1255430 1591930 1696644 1705467 1789220 1972439 2287664 2493229 2743558 2747862 2753529 2909924 3084560 3201320 3228777 3371941 3449822 3518075 3559781 3592249 3629095 3719721 4010502 4105269 4264967 4428331 4474598 5358453 5516770 5681341 5923950 6130634 6148803 6184681 6839895 6897694 7008504 7030599 7383378 7388549 7463344 7605089 7665088 7713299 7821006 7908906 7917942 7928414 8321183 8553175 8619963 8824809 9285541 9436531 9514595 9868271 9910342 9980515
91
5028 157680 206180 296060 348474 358886 472795 727632 741325 864770 906401 947108 957734 1010572 1041305 1123764 1234320 1296526 1554654 1668218 1672367 1759557 1809826 1994816 2001940 2129139 2343326 2348964 2617936 2696378 2949920 3032171 3180290 3202004 3270909 3490697 3622826 3670054 3801825 3910261 3985949 4021176 4083081 4217067 4273512 4287203 4481444 4640070 4657515 4701842 4717814 4755382 4841012 5026053 5102620 5585335 5591823 5595463 5605855 5671752 5760330 5835227 5980267 6226531 6286343 6467317 6704594 6964569 6978497 7017956 7322280 7634713 7963014 7976058 7988516 8004646 8158150 8524768 8587002 8603295 8762684 8807805 8845647 8909988 8999094 9325907 9469280 9527661 9769480 9771160 9870720
79
88956 224514 417986 567695 634738 908504 1077652 1185910 1306981 1347211 1462539 1494978 1512169 1616938 1705269 2173601 2511746 2520034 2628509 2654002 2676078 2766883 2800692 2826880 3035827 3153825 3563201 3822814 3849526 3851706 3893743 3955432 3986175 4113311 4499279 4533030 4553550 4596764 4617605 5008825 5239203 5260962 5321347 5736555 5836891 5894383 5932577 5953758 5973724 6063756 6080863 6193949 6202467 6484822 6617224 6798423 6872257 6880201 7636464 7928735 8088672 8199500 8358580 8411098 8412716 8461353 8529142 8830811 8852647 9140998 9396371 9402776 9474735 9529246 9770257 9811908 9889843 9889943 9930141
72
74188 175146 346342 421317 433673 570819 920815 1120295 1373944 1802464 1860890 2266100 2580488 2615632 2914195 2965844 3430884 3457678 3996816 4096098 4180274 4309609 4333312 4457506 4592317 5032719 5106369 5130100 5144525 5315756 5468387 5505126 5544787 5708508 6179943 6190299 6306487 6400991 6458581 6582943 6592774 6593513 6781647 6788968 6830555 6850008 7080261 7100543 7121169 7176148 7410542 7452796 7546319 8208751 8240489 8450609 8467017 8645874 8709667 8718314 8888046 8900535 8918337 8962681 9482778 9555901 9594279 9624085 9663972 9833241 9849745 9969633
35
28381 190875 350239 442458 445260 888639 1465580 1701066 2075520 2858282 3085560 3135741 3337649 3363363 3650299 3698843 3817194 3852612 3854459 4057955 4780897 4960435 5251762 5267435 5401644 5459969 5974775 5993983 7125716 7456305 7726970 7816873 9227373 9719239 9843799
79
32432 193381 215574 397926 539927 764536 837085 881279 893315 1886956 1977663 2037017 2064787 2080837 2280409 2401014 2411954 3023658 3059430 3487926 3543893 3644480 3706683 3715612 3991470 4057137 4207421 4214652 4274914 4285407 4328499 4549574 4711963 4756026 4891991 5269841 5281071 5667284 5780677 5828930 5975130 6061509 6111391 6255455 6558821 6577822 6743390 6788788 6808061 7201729 7239471 7272452 7328002 7520279 7627548 7706889 7733377 7747591 7830733 7977146 8116804 8243382 8501570 8634616 8803001 8834452 8910296 8928745 9077597 9081596 9115173 9279703 9423224 9559198 9739199 9845492 9860239 9960265 9961323
31
160540 466297 554820 556096 852212 972746 1079031 1135566 1192776 1266266 1390815 1585445 2210954 2490485 3023352 3243821 3778073 4049039 4268467 4726577 5062209 5138515 5227277 6617666 6793843 6909609 7950873 7956005 9065830 9462501 9651280
79
14828 121271 148930 465736 594592 684523 820054 843415 966577 1039986 1102125 1309150 1413123 2016138 2099992 2112546 2120439 2251977 2356863 2707706 2770264 2814450 2983519 3068342 3170239 3209277 3223083 3305268 3341522 3388632 3495692 3566982 3954274 4298128 4411054 4560068 4675570 5041896 5225359 5360021 6009503 6171066 6194241 6301104 6367657 6387873 6411387 6420285 6451903 6491345 6601520 6842482 6993714 7324017 7445064 7515084 7640433 7677231 7783663 7817228 7829345 7835702 7850553 7909613 7925774 8015191 8405725 8406696 8462923 8905114 8927325 9106805 9204031 9324522 9635017 9800576 9933448 9971929 9980398
96
93105 145443 215691 392819 556452 561929 842777 1034858 1281800 1378780 1415319 1712214 1748717 1875730 1895194 2003802 2152180 2197902 2251659 2292959 2345428 2588608 2627634 2661364 2670622 2710590 2723031 2750190 2759381 2917496 2954436 3180929 3225387 3268621 3272836 3394424 3654182 3947001 4005755 4048672 4097765 4203681 4223731 4369497 4374064 4541232 4551597 4593492 4732972 4897998 4907442 4998649 5001195 5148482 5367582 5383238 5886481 6110575 6118107 6577679 6678658 6687947 6770336 6921576 6925597 7223420 7258518 7420084 7514324 7533030 7560795 7681976 7692570 7912015 7948945 8097944 8200457 8215973 8292124 8308807 8362245 8403561 8421711 8746554 9057355 9280266 9294534 9315876 9347026 9388423 9562477 9625218 9705403 9737448 9940330 9973118
79
33194 213468 267506 270204 314803 361178 380384 466714 481703 524911 575353 577663 699419 756983 828244 1204992 1248222 1306594 1392730 1401602 1431650 1808927 1998566 2149333 2149953 2228189 2419568 2624605 2978601 3772150 3777900 3857891 3909903 4254777 4353871 4571729 4582819 4813651 4844941 4968662 5035681 5107968 5183709 5194471 5458525 5500691 5567538 5591262 5675758 5803919 5810284 5894870 6161153 6199278 6437201 6466061 6604009 6624635 6701112 6855320 7027368 7360623 7366178 7372300 7517632 7678405 7859114 7869911 8590039 8723992 8926649 9004591 9026855 9158487 9207899 9404174 9410754 9656845 9716133
86
428892 491699 504657 761821 785038 913731 921165 923859 1101413 1227867 1329671 1331136 1334081 1404902 1644114 1738323 1827363 1977547 2039276 2147061 2178255 2219988 2245232 2283984 2300342 2413148 2534575 2586330 2656833 2729703 2789657 2792761 3050855 3121355 3124983 3194613 3245035 3378996 3385547 3416824 3473470 3584791 3596943 3609471 3899119 3910441 4301315 4362572 4588205 4623930 4747402 4765947 5182409 5308581 5626742 5819512 6101200 6264346 6328939 6370230 6389212 6483761 6839236 6936554 7030764 7123042 7171025 7343778 7370306 7402842 7451218 7731997 7788756 7872631 8245219 8256385 8348844 8356701 8436305 8458949 8727622 8832230 9466512 9499212 9537365 9641067
81
15782 171705 568292 666717 931220 1086432 1173861 1236804 1280164 1344962 1369732 1400730 1470496 1480145 1587303 1786810 2037892 2180280 2282663 2335679 2348534 2707703 3075875 3120968 3228611 3297582 3398721 3586042 3921922 3932403 4134399 4206355 4367076 4504405 4515912 4744325 4753021 4861988 5159909 5226126 5379532 5431718 5457136 5484897 5591994 5827964 5968983 6017857 6027782 6246657 6786542 6974645 7192905 7337776 7377019 7443766 7464558 7581975 7605724 7774397 8336312 8346077 8373400 8452773 8499972 8581240 8745948 8808491 8873880 9077427 9138733 9221804 9328957 9428122 9497683 9521250 9534186 9580002 9659969 9911132 9922651
20
625466 776601 871541 1072594 1672713 2197634 2282163 2344196 2448220 2787086 4005629 4453285 6879686 7266652 7479680 7505827 8067911 8443771 9656448 9978748
20
157124 1013042 2277970 2790636 3088494 3291713 3756419 4380935 5109583 6145651 6617367 6837270 6856781 6878573 7598539 7679350 7991454 8308921 9553992 9603630
70
119189 177696 279721 347589 353972 413080 457409 498990 630645 653634 914144 963162 1131153 1156440 1397413 1555339 1700094 2339773 2711867 3325948 3554606 3619446 3639797 3792301 3836728 3851602 3956404 4077279 4443385 4520512 4827091 4890626 4923008 5030917 5100926 5180385 5578523 5676221 5944101 6314967 6584914 6635690 6827946 6849159 6879590 6927987 7274663 7355994 7475821 7536014 7804481 7815305 8181969 8413091 8931602 8951776 8979782 9102050 9238322 9243868 9257359 9325392 9346828 9406240 9597291 9613107 9634901 9677088 9902910 9915327
59
102433 263613 307939 432941 448000 474819 493504 1041157 1052225 1143938 1231341 1468496 2046634 2545334 2589816 2595260 2891007 3047376 3069426 3286656 3306650 3386488 3425727 3649984 3717751 3826669 4085443 4234003 4813406 4895717 4989664 5402804 5482648 5569585 5650514 5656687 5692945 5735288 5745087 5867558 5892146 6622719 6694464 6768724 6869719 6935415 6942086 7737969 7769979 8004777 8416851 8523419 8662329 8917112 9012903 9357532 9454612 9549325 9909110
66
199915 262565 327796 464840 711129 907449 1112724 1121012 1151045 1408562 1557228 1816736 1866961 1890966 2576578 2590631 2606363 2607465 2802594 3210991 3406104 3527803 3807524 3819722 3856458 3902700 4408219 4420732 4430734 4769997 4802549 4968196 5018203 5111950 5288611 5615319 5626029 5868877 5979850 6590346 6823809 6836328 6846941 6890343 7074142 7115696 7204061 7234494 7522101 7592697 7760368 8116094 8128605 8501854 8553032 8570884 8674963 8750543 8883462 8908471 8909827 9031189 9242957 9801160 9838519 9848459
59
112546 529551 545208 627725 1039224 1277546 1278098 1353791 1503471 1523913 1600622 1734666 2117921 2201198 2675653 2931344 3233744 3370357 3711296 3880533 4225384 4506441 5267728 5377300 5774525 5883452 5929912 6053536 6144206 6184900 6192114 6398550 6402129 6463468 6535527 6850784 6929659 7098968 7116974 7117763 7371649 7388057 7423891 7663514 7852861 8036726 8201048 8216733 8228871 8465020 8515836 8606228 8754685 9072554 9323239 9496524 9500010 9527202 9877293
91
25021 256985 316564 365811 370366 393705 467125 806771 826754 916310 992118 999894 1003882 1015927 1354396 1425382 1498127 1594670 1709371 1809785 1846204 2111449 2306515 2401127 2441672 2620223 2662412 2733129 2817310 2824309 2899705 3208198 3234617 3297803 3312441 3339204 3672995 3751199 3856420 4055554 4153655 4826407 4847443 4885621 4914668 5108915 5121852 5223290 5399115 5452195 5464875 5475649 5609461 5664552 5696450 6213720 6334552 6391497 6527619 6584349 6763906 7067864 7289630 7428623 7440782 7581392 7646524 7657465 7662603 7734235 7857349 7916873 7936855 8103796 8139976 8166554 8409113 8622364 8740564 8796614 9121152 9188504 9240563 9312616 9318709 9432536 9487324 9497900 9699913 9713240 9733604
80
50055 68298 245709 276159 312623 435218 516354 566837 943221 969099 1244427 1341626 1434514 1483757 1525731 1595837 1648677 1772950 1942269 2289755 2385058 2405504 2512422 2535409 2569547 2795513 2905682 2967534 3164989 3167189 3270500 3426507 3629042 3637903 3673094 3821599 3886378 3985929 4137252 4281461 4302307 4580960 4739362 4742154 4852215 5123860 5603158 5607454 5667719 5710417 5723129 5794498 5807956 6079042 6126663 6180494 6218112 6279285 6378628 6609101 6948688 7310132 7316173 7601460 7856157 8062606 8475177 8592813 8827176 8890038 8933926 9128764 9168142 9183935 9226743 9295859 9358593 9508504 9522653 9676552
52
112071 112369 337793 418602 470671 784196 839720 1291986 1486102 1488009 1734749 2276793 2357039 2391860 2580135 3404151 3449071 3605732 3978592 4040163 4061986 4295695 4591327 4977355 5026743 5131791 5385092 5548366 5983157 5985507 6447795 6707077 6942990 7342492 7450379 7739896 7888612 8122809 8285675 8390874 8474494 8498354 8605689 8725246 9014690 9205150 9281812 9297995 9352609 9572582 9781030 9941643
94
84072 105681 269109 284604 323887 488006 519950 526357 528454 545185 593376 657973 710106 1099276 1256149 1329750 1329793 1508944 1561514 1626313 1865577 2034151 2129099 2410528 2493255 2649065 2667349 2738254 2840565 3132210 3152150 3342573 3429683 3637711 3803532 3863890 3879166 3890706 4070828 4126022 4134853 4265344 4398066 4427226 4689001 5099945 5162668 5309183 5348500 5395891 5611593 5815048 6007683 6375651 6394647 6395588 6440366 6539917 6770310 6819697 6934235 6964623 7034467 7070304 7080022 7159665 7347660 7392599 7700507 7737760 7754715 7773378 7776857 7905333 8020048 8137969 8167398 8212519 8383005 8594658 8630086 8684206 8750394 9080694 9212359 9295566 9432352 9585103 9629315 9801711 9805794 9889180 9902310 9975699
38
45287 352206 1887323 2488513 2948310 3126114 3129184 3196516 3468881 3512178 4149122 4191992 4251768 4288662 4409924 4485583 4518918 4519640 5191614 5375827 5412171 5749612 6328448 6610850 6634574 6772891 6839640 7047168 7269462 7605607 7733289 7740498 8204352 8503851 8794777 9179164 9608861 9826157
54
13934 43874 140433 264049 339378 566594 1143437 1151091 1210834 1479062 1594517 1650046 2182657 2306403 2355717 2425050 2698482 2714292 3262462 3957365 4054061 4122105 4413226 4507294 4889432 4891919 5252310 5330145 5650343 5928251 5960058 6112765 6439082 6472786 6581781 6706852 6777549 6929515 6947554 6961174 7124826 7127815 7504158 7977865 8348295 8531946 8702731 8778125 8802850 8848843 8859550 8859600 9475808 9820150
62
87254 249900 560141 1177333 1283184 1305877 1324717 1349624 1537122 1602839 2060445 2089363 2095930 2261795 2272629 2284982 2447502 2608096 2609321 2665796 3019700 3712705 4289381 4561293 4684793 5042767 5254727 5422538 5474317 5653846 6011873 6229193 6304884 6376815 6557482 6672429 6749748 6793818 6958401 7070114 7170259 7364713 7515776 7571868 7803818 7962360 7973840 8116865 8332275 8360682 8424024 8441421 8505423 8761581 8919986 9028691 9621419 9636666 9782118 9932473 9937260 9990139
45
88141 802025 1174491 1442766 1743839 1914177 2152639 2161045 2167537 3382479 3764468 3879787 3974792 4293596 4410446 4682771 4697550 4845825 5104749 5105962 5536459 5629515 5630852 5775262 5841119 5968321 6219997 6598293 6671849 6729109 6757905 6834830 7005962 7300527 7367302 7470008 7588064 7722933 8193015 8392519 8398841 8776369 9673002 9689349 9863608
93
21975 32967 120774 340649 467759 479054 603199 626107 706779 735880 803686 818531 930106 1062216 1076741 1612481 1957428 1980308 2339605 2344074 2488923 2600365 2763223 2783220 2807134 2812735 3042256 3139054 3176117 3236940 3248473 3418361 3726538 3751125 3775833 3876284 3877767 4003088 4028494 4254151 4271885 4276219 4548464 4683521 4834022 4861012 5169903 5219025 5319785 5424749 5538882 5663355 5670534 5826532 5940506 6056033 6422495 6581635 6649977 6696294 6733365 6810409 6893397 7004072 7036852 7103670 7106818 7121559 7499655 7521826 7525843 7693523 7833096 7933956 7941090 8179563 8180090 8314087 8399488 8674533 8806842 8813454 9021431 9035149 9170188 9208583 9282746 9345811 9426454 9469722 9613060 9926486 9971187
80
219325 284069 370860 386485 481733 777589 897450 944232 1020119 1088032 1413737 1477759 1638605 1645726 1708356 1856028 1943471 2109250 2332140 2700831 2754887 2937769 2975522 3151320 3353686 3588256 3799835 3842581 3865725 4219620 4336632 4369769 4412669 4474298 4637186 4670458 4737009 4766432 4806696 5149918 5151072 5158783 5178341 5312913 5490252 5492548 5555523 5612873 5750120 5978995 6079311 6110773 6233010 6760011 6778254 6946521 7121850 7134358 7201451 7245117 7265737 7517656 7818161 8048937 8193491 8314669 8331454 8472962 8523983 8567647 8640985 8871169 9105312 9129417 9164976 9397338 9420697 9698430 9882244 9999172
32
341998 497753 1505571 1538927 2358907 2782640 2930341 3312925 3691907 3745781 3776758 3993390 5844599 5903878 5932034 6193385 6757542 6783004 7025186 7313927 7373382 7714425 7734476 7970202 7976417 8028914 8114845 8238680 8346566 8795724 8864483 8869669
91
25970 94237 105474 157544 364811 393433 474363 552032 836702 989955 1198802 1309035 1312803 1414341 1441917 1469162 1469185 1515620 1545002 1623684 1684749 1711641 1748843 1786884 1789128 2086820 2248897 2251651 2252106 2311186 2317548 2639694 2731365 2975690 3320293 3446402 3480939 3594289 3637934 3724307 3912084 3941190 3945179 4007167 4027778 4297224 4404168 4568014 4756182 4931016 4957137 5014170 5179165 5285030 5365131 5368663 5583567 5659549 5663512 5727476 5881080 5929565 5971527 6091276 6096795 6245131 6388647 6449091 6712170 6806590 7003689 7010931 7135230 7156207 7251682 7639752 7801043 7868810 8171599 8461944 8467644 8609223 8822234 8868458 9047053 9100300 9253694 9752220 9841890 9863724 9977021
96
288327 577986 586891 647853 798754 920917 971274 1018251 1244209 1466459 1554349 1792183 2012726 2023689 2168757 2171815 2243817 2363582 2477898 2545165 2868067 3053862 3128347 3219113 3307512 3322086 3352417 3370264 3516378 3687760 3704798 3770302 3962351 3998632 4055536 4299440 4336614 4338721 4392491 4448016 4494241 4615699 4679098 4802036 4885936 4896030 4942878 4975915 5147273 5148702 5150259 5398765 5520326 5582783 6017943 6150935 6180212 6543863 6646134 6705607 6899444 7037230 7054106 7090053 7168069 7432286 7437504 7439181 7449649 7569324 7615187 7624997 7680551 7697370 8013679 8018183 8217346 8259330 8382592 8752661 8877250 9120951 9135134 9152405 9177807 9181381 9312845 9437765 9526967 9649664 9660724 9700869 9747245 9761452 9869743 9876423
52
310264 477220 515319 861843 879529 896037 957435 1430250 1494605 1551369 1567318 1773147 2160977 2291678 2518850 2562714 2591449 2921027 2931468 2995788 3015371 3251794 3537315 4102291 4508334 4895112 5397589 5445789 5743420 6169202 6263382 6668221 6740737 7087837 7533727 7726443 7744423 7755877 7762620 8054623 8128545 8215274 8367034 8407266 8421158 8589205 8609621 9146268 9310333 9373098 9455925 9934976
85
71191 232409 410714 492272 626170 689000 796459 831584 843522 1021850 1050576 1114808 1206639 1304578 1617370 1650339 1815007 1895512 2089215 2195257 2261727 2500196 2581336 2796591 2806089 2828761 2839228 2848440 3060564 3097289 3101453 3195977 3335373 3637274 3856202 3955001 3969583 4059516 4136473 4334175 4452667 4494416 4762883 4934856 5036325 5066262 5087583 5111762 5494984 5653997 5715841 5716331 6027705 6065182 6202384 6357008 6396022 6631730 6633640 6653893 6792589 6838005 6839574 6951580 7075282 7432268 7464916 7535668 7723406 7771846 7900243 8382757 8447969 8447991 8479591 8678539 8801918 8971772 9163357 9319891 9625726 9768067 9862662 9868680 9973456
58
21208 63314 180729 378111 379896 447913 916278 1426295 1587868 2156912 2651714 3095334 3232183 3435587 3585042 3706082 3720111 3831733 4230158 4234043 4272805 4337016 4346021 4738301 5140335 5326050 5403713 5546577 5929482 6031534 6050495 6248792 6575803 6829987 6914762 7113591 7259035 7312905 7553883 7608734 7639129 7964967 8295698 8545365 8645089 8674753 8820451 8993030 9060481 9066075 9161501 9255465 9298427 9380174 9429232 9566963 9627970 9851342
34
135665 223538 425013 544746 1282903 1913249 2572706 2761620 3265928 3359440 3599832 3822412 4205510 4313717 4467678 4845690 4929179 5582654 5728902 6007609 6298747 6546569 6661891 7061959 8006031 8231641 8410667 8506528 8777022 8925112 9165555 9347822 9463778 9858965
29
144552 773316 1895336 2723893 2988279 3463559 3948037 4003744 4434178 5359476 5506030 5567148 5796138 5803920 5975948 6348537 6753478 6812822 6888678 6890582 7011866 7023231 7268620 7793165 8448056 9175083 9254148 9763574 9960336
60
53323 74477 178470 500081 558894 762495 837502 894861 969317 1023666 1122777 1345290 1685859 1944038 2057226 2123927 2130205 2281252 2336287 2347307 2484632 2587792 2766980 3286598 3335071 3703880 3757236 3938525 4144160 4655371 4744981 4876733 4962640 5148547 5193076 5374724 5395858 5851830 6181791 6467179 6665149 6790744 6983303 7227744 7288603 7355235 7355636 7505385 7527605 7585262 8563708 8587258 8937507 9175985 9205181 9347815 9387191 9436348 9589921 9650965
64
288616 646629 682479 717617 1234160 1689581 1976415 2120374 2295655 2384867 2513157 2701532 2702617 2738989 2853468 3017860 3084484 3158290 3174232 3422388 3527691 3643306 3694068 3746459 3773981 3820175 3918821 4338163 4417191 4686781 4727393 4738803 4827197 4896455 5242764 5283581 5838689 5906642 6096904 6216679 6228089 6367387 6620812 6646218 6659592 6819930 6840124 6866089 6979879 7046460 7753571 7756829 8040953 8322063 8348836 8490652 8498529 8742091 8911213 9033916 9146776 9210054 9559608 9578953
99
189830 211246 347739 394072 592168 1007614 1038890 1109795 1268076 1305837 1564675 1592040 1644317 1777504 1790660 1899147 2022512 2071076 2235903 2326188 2575224 2806105 2817755 2822343 3036304 3232712 3241631 3370049 3612535 3627525 3671330 3712315 3874924 3935658 3967409 4016832 4097746 4242113 4339353 4354424 4382829 4539432 4582084 4701627 4726588 4743340 4965620 4993501 5020746 5151876 5304320 5530802 5581414 5582643 5951800 6150457 6236559 6425130 6575475 6579200 6603035 6707232 6824941 7123068 7126223 7167163 7450059 7511434 7598445 7660742 7698908 7763772 8011916 8054561 8128991 8250516 8275218 8319263 8418324 8476715 8566421 8612349 8638697 8871477 9071917 9074021 9123919 9160090 9266099 9305271 9325859 9328967 9340066 9373992 9585707 9665831 9885965 9968814 9990088
51
4862 270695 344107 349401 440719 544500 1048555 1093235 1451710 1593074 1808202 2008679 2195428 2304386 2339785 2810250 3344328 3452885 3504753 3581017 3768200 3781435 3875859 4131799 4160443 4396138 4649695 4661109 4847145 5697316 6148835 6580379 6593014 6694869 6717013 6772361 7100845 7184307 7849426 7873941 8064843 8082354 8436832 8507669 8675771 8749668 8927745 8963343 9052091 9290506 9415134
90
183726 199597 219685 490018 578136 668991 684968 1016944 1023692 1092080 1131433 1488314 1556585 1756088 1776172 1926924 1969735 2093674 2152365 2238934 2262289 2738673 2857896 2889904 2897429 3051510 3222265 3546243 3585973 3702171 3758052 3965483 4103360 4116755 4291006 4435135 4697593 4899451 4911178 5002369 5032344 5146255 5191009 5259264 5294093 5369194 5463542 5518430 5740068 5865421 5886502 5942289 5996655 6026916 6050112 6169969 6177798 6300554 6629490 6646900 6840384 6922577 7073189 7191827 7203908 7255026 7268672 7289676 7428219 7529604 7662133 7850414 7865239 8116505 8149945 8344138 8402793 8419324 8482012 8578111 8638936 8739022 9017152 9298828 9338995 9618760 9701212 9758784 9925228 9997470
99
137019 359363 462779 518574 799525 892667 1108474 1117079 1194052 1277228 1380492 1530008 1659021 1660219 1783517 1928519 2134980 2137242 2166596 2208822 2414452 2426537 2489231 2500133 2588592 2648319 2740244 2763119 2953955 2993369 3008804 3064093 3147209 3197497 3230961 3264840 3379775 3509862 3857192 3896767 4111785 4273571 4361109 4468159 4493348 4682108 4692164 4911600 5076531 5106749 5664727 5719945 5964939 6011333 6062907 6165057 6271113 6306985 6324070 6460750 6762204 6939903 6994153 7044974 7167820 7184074 7411175 7488239 7715178 7749671 7769252 7865892 7947472 8016680 8048023 8070785 8084187 8182222 8452896 8530262 8648102 8649081 8660017 8708488 8825065 8914639 9049372 9187388 9250750 9340263 9344991 9529218 9590922 9600343 9677883 9716661 9755831 9905363 9996620
20
54700 265329 1451056 2868066 3967418 4047352 4791277 6058661 6947349 7627308 8028976 8053792 8220119 8596332 9023378 9331497 9503451 9825453 9932933 9965794
23
547192 879919 1035951 1382767 1762109 2501013 2944984 3340787 3765700 3980701 4264415 5676287 5975798 6558690 6600380 6604571 7763656 7919327 8182897 8248221 8686530 9441831 9855260
42
294369 875457 985341 1162070 1231967 1433085 1575927 1986461 3125038 3219111 3294159 3326311 3847075 3948031 4959311 4998738 4999381 5136511 5138812 5139848 5247448 5450950 5683541 5716949 5854584 6565875 6649694 6905593 7105901 7275162 7362750 7597780 8036261 8130075 8256209 8609844 8802437 8830692 8939173 9006698 9773763 9801937
82
80024 181347 289056 359019 445733 466862 749839 1163394 1239450 1391975 1426309 1453529 1579284 1666316 1722757 1972842 2027027 2180981 2231457 2279327 2289408 2599557 3013851 3263239 3341701 3570861 3661236 3682593 3736229 3771476 3878896 3948811 4008322 4049564 4051652 4279171 4321492 4404238 4468840 4568474 4580074 4674785 4707987 4755236 4764761 4931468 4989850 5057572 5375198 5430623 5539970 5733531 6157683 6413704 6441611 6628790 6788752 6832222 6904874 7169089 7228547 7252621 7701896 7732915 7778872 7823113 7886984 7938505 7952759 8135873 8279891 8335566 8350771 8635894 8779414 8921830 9034029 9141576 9459495 9460029 9763727 9814795
49
470959 520184 756473 1211036 1453241 1498949 1737630 2022640 2508983 2836496 2992792 3814423 3972579 4384754 4580729 4965905 5138709 5212361 5334114 5767293 5783686 5975888 5993621 6109649 6195305 6304910 6347909 6728275 6746289 6969694 7250776 7527175 7546254 7727719 7813347 7864570 7980305 8170005 8218061 8580888 8627102 8750086 8997831 9039347 9201308 9631567 9679298 9718668 9773321
42
67275 146003 205926 367974 660868 1007549 1188523 1421665 1885701 2484973 2527853 2640062 2836635 3709834 3712340 3713967 3868010 3922281 4273821 4610218 4680979 4865377 4966994 5464047 5622295 5896287 6296118 6365728 6687344 7034588 7107415 7399402 7845506 7979629 8377915 8437566 8834467 9235955 9529880 9591983 9660084 9832901
71
300226 426726 605720 788746 902929 1267069 1322119 1369128 1949572 2020631 2121975 2275882 2796980 2832351 3057649 3271109 3311140 3516316 3584740 3684369 3984781 4081722 4152483 4223527 4224765 4325156 4355584 4364574 4392301 4444385 4760361 5323915 5344353 5363437 5460710 5593578 5654821 5695298 5960738 6447583 6559072 6587205 6689906 6909845 7111664 7405889 7478458 7681624 7684197 7701326 7713272 8031049 8032238 8156045 8168373 8239135 8248477 8301494 8307942 8423382 8538542 8795727 8813961 8833659 8890635 8945614 8947721 9156790 9666832 9688335 9953655
85
49155 139935 285401 290965 303946 430447 462428 558517 720214 885116 1034640 1290360 1336573 1356389 1572227 1912666 2262727 2379678 2774172 2950509 2968506 3078501 3087751 3255227 3545424 3557190 3786414 3845682 3900122 4016182 4049880 4133492 4956646 4995375 5011248 5067015 5265749 5294409 5543027 5636587 5666908 5706795 5756752 5767163 5803451 5872083 5877696 5920775 6167227 6324469 6357162 6423906 6485391 6528334 6692472 6950767 6952454 7114794 7212267 7230044 7556290 7670278 7913502 7948441 7964775 8230452 8302761 8505956 8507086 8572299 8622517 8757227 8997679 9090791 9176324 9214176 9326274 9492868 9537613 9541343 9630124 9631780 9718166 9809809 9916248
82
430914 454118 498081 600103 761936 797556 812635 820715 1016979 1101376 1124625 1393622 1399718 1446577 1460991 1461451 1771052 1804818 2091003 2517483 2775736 2864637 2974892 3023118 3035766 3113137 3141710 3169160 3169405 3224332 3483031 3819003 4076057 4143436 4195560 4366585 4591295 4610090 4978067 5115842 5156630 5196132 5302343 5501401 5516352 5563036 5675074 5843092 5853160 5892225 6159420 6191461 6197316 6256299 6261342 6294493 6556911 6765318 6846402 6936327 7034669 7110062 7374415 7574689 7622782 7731417 7948129 8089590 8184453 8447465 8620032 8692169 8727610 8969222 9173656 9222338 9347812 9390990 9407613 9601725 9615866 9856844
56
114831 827021 843253 924873 1042934 1518604 1522535 1746715 1847905 2010465 2204459 2571196 2770215 2824589 3167614 3460319 3493621 3564085 4510402 4906743 4975783 5047902 5094275 5096058 5187963 5379103 5535423 5737040 5829920 6025612 6060641 6175574 6229021 6414251 6694196 6852355 7386310 7424645 7489300 7539562 7632986 7720218 7781393 7798062 7883630 7899549 7987276 8126456 8179512 8213803 9296489 9300799 9427610 9580352 9655551 9958020
53
258497 290619 1032690 1100894 1136390 1289210 1583582 2003202 2131218 2150281 2521508 2558054 2615203 2844291 2971889 3040016 3093663 3531599 3837903 3950892 4098493 4142615 4733250 4745702 4835314 5373414 5400136 5523804 5592751 6090807 6301504 6442286 6763138 6770866 6874290 6934335 7060639 7200946 7463693 7570606 7707505 7763538 8178181 8189805 8483545 8575093 8670306 8742728 8925277 8947696 9128725 9449807 9619633
22
585168 1060553 1185336 1961561 2600222 2881153 2990803 3414377 4957744 6068536 6077011 6317538 6530947 6601176 6931184 7075266 7543254 7659570 8173156 9046114 9262655 9986964
54
6349 439126 652779 721679 759755 821124 851951 1344477 1783632 1853687 1976009 2158113 2268347 2592297 2674046 2708892 2879649 3127599 3135349 3265076 3341379 3351575 3577602 3581218 3858912 3980766 4559132 4620222 4727178 4822104 4918233 4962543 5013154 5371025 5373394 5398749 5515156 5742627 5822819 6198827 6792696 6926137 7465475 7655684 7659977 7691378 8130430 8228347 8476485 8925315 9148100 9190884 9212448 9777127
42
16080 64168 127908 331717 562025 608136 676376 1034373 1421028 1718000 1736427 2072577 2223620 2228705 2331590 2798145 3080174 3299192 3331875 3394412 4368802 4430565 4579911 4592417 4648124 5094123 5291674 5329191 5520185 6003770 6439336 6620663 7141289 7602964 7717837 7966375 8048794 8137096 8231428 8706031 9541264 9951283
25
396250 1148578 1437253 2455276 2910308 3031679 3034736 3132824 4458839 4497366 5063163 5340867 6066599 6489559 6901490 7457229 8042476 8172094 8421991 8465378 8642576 8781976 8943026 9402823 9904654
99
35003 157250 253282 315824 384349 436734 453275 894683 1018925 1403462 1597311 1689021 1780516 1835570 1847559 1903429 1926720 2129759 2182919 2222070 2341414 2423792 2499050 2618798 2645462 2725926 2814004 3121685 3188026 3224561 3226001 3443239 3461050 3505461 3542311 3762383 3918082 4103585 4110963 4240250 4367305 4447667 4485204 4487944 4519878 4550953 4666991 4727822 4873233 4900197 4937500 4987616 5008067 5114857 5174935 5495017 5500616 5520041 5685536 5723018 5798336 5833198 6004536 6051791 6098029 6225627 6678678 7048608 7104287 7215985 7296221 7413041 7728801 7884552 7924973 7956285 8008683 8069006 8111653 8544111 8592997 8634831 8697909 8727008 8771883 8808507 8810997 8825907 8932405 9156895 9257287 9398068 9470200 9646547 9652827 9790704 9879426 9931995 9953519
95
52826 92170 139060 309586 381619 470648 670223 782922 808571 1086832 1222120 1416642 1423111 1472747 1597565 1678271 1711723 1796850 1824186 1934080 1936332 1988793 2244700 2326158 2340717 2361955 2381540 2516059 2843405 2915008 2936463 3038268 3203320 3521238 3603042 3767949 3800222 3854886 4101723 4153048 4315806 4433546 4482777 4739977 4797826 4816748 4942802 5002633 5234111 5472642 5485628 5550202 5613920 5687840 5723277 5776586 5818810 5849719 6147744 6322317 6392718 6421396 6687052 6695723 6926224 7092255 7122566 7154811 7229454 7487580 7734534 7780096 7808184 7867326 7867514 7920838 8080569 8496349 8536624 8563854 8646577 8743667 8901265 8944430 8977103 9007569 9024801 9153490 9385061 9401839 9431380 9481892 9521989 9788290 9881139
67
213906 238723 459932 1059769 1062907 1356817 1393750 1439609 1528313 1706644 1708469 1948361 2191519 2428277 2670037 2996024 3025733 3143530 3245852 3320961 3377066 3701233 3851002 4017629 4083004 4379607 4543773 4866187 5024828 5158390 5237515 5364008 5506634 5749013 5869647 5879084 5888487 5928191 5938894 5951902 6035584 6508062 6823894 6937886 7140161 7271283 7288540 7332534 7943112 8064797 8092977 8357746 8381096 8387645 8521817 8627685 8724861 8779954 8954690 9029643 9088308 9150705 9165977 9381272 9540061 9828818 9877388
100
122605 230497 232026 536858 561566 607260 794032 815691 845576 892136 915636 998186 1084661 1093613 1139441 1159080 1169062 1337035 1344260 1346516 1442999 1489311 1595808 1644421 1760144 2081319 2238604 2257630 2299280 2394540 2506262 2514579 2537028 2616668 3044795 3064173 3184071 3200808 3244062 3265321 3393886 3405109 3637099 3700899 3763587 3769349 3962708 4268512 4345998 4383114 4476768 4484366 4687493 5001569 5436834 5513250 5566121 5586940 5763026 5778356 5825191 5829792 5945319 5974095 5989761 6029342 6141352 6166374 6206687 6350432 6350544 6762813 6895251 7169484 7355600 7404715 7420061 7435785 7779637 7789489 7891433 8028499 8299387 8371848 8731145 8796630 8820193 8827461 8911921 9069402 9203685 9232961 9235527 9241269 9243290 9296320 9641615 9720665 9737798 9946646
46
120349 660580 1095815 1298231 1389617 1497246 2010520 2047181 2618603 3191396 3429341 3737667 3809890 3911043 4065894 4076141 4283338 4309913 4360703 4699739 5250366 5420330 5548993 5676017 5805598 6402013 6463224 7165709 7259644 7327938 7587771 7596409 7894441 8252973 8259230 8395958 8417461 8663069 8678178 8736678 8751699 9291850 9435314 9623699 9729546 9942442
23
306023 891964 2359863 2771472 2996955 3267230 3521422 3910239 3924567 3934272 4231087 4559680 5068841 5512307 5529900 6281302 7169729 7829908 7838862 8678125 8914359 9106360 9223319
23
134052 607764 769193 865920 1536928 1649831 1716763 2161658 2552924 3150546 3874941 4728280 5302589 5583811 5878533 5902530 6361380 6498131 6921393 7306852 7735720 7914299 9567813
40
5281 550846 812408 814192 923772 1319770 1540833 1662038 1736534 1942457 1959335 2677917 2864267 3562762 4859230 5061699 5096206 5155110 5676533 5823506 6453217 6512651 6563397 7007667 7105298 7143530 7356004 7381690 7540312 7828487 8106403 8538626 8898684 8962407 9040967 9079150 9484702 9649062 9696054 9781753
72
112393 285780 410142 446061 557282 865672 960803 1085642 1103398 1241734 1269209 1280512 1357758 1583726 1783780 2056042 2303120 2401692 2567025 2593964 2685298 2828743 2842477 2968956 3035732 3176924 3277286 3476221 3478906 3553795 3669622 3724892 3820981 3953305 3970421 4059420 4649881 4717063 4731766 4750705 4835468 5042021 5349263 5427473 5713160 5753067 5780588 6080184 6146210 6441651 6621997 6806180 7068581 7147443 7264094 7308728 7397752 7460422 7651918 7910979 8455136 8534095 8824983 8864023 8897673 9096294 9594154 9595010 9716578 9865705 9872826 9881237
88
223555 272773 311045 406444 447614 470159 1072776 1351397 1392182 1415120 1581609 1620052 1647632 1986987 2087090 2141744 2153170 2192017 2420113 2495525 2663790 2676821 2780032 3059780 3139945 3230262 3394058 3465389 3764072 3849423 3942495 3947222 3962057 4090274 4151350 4154898 4234473 4369368 4445336 4588668 4656486 4705236 4925234 4969053 4988212 5144976 5202422 5247967 5340246 5522238 5647928 5741014 5847650 6043645 6067569 6270308 6273682 6301225 6668047 6681081 6859442 6944925 6981733 7231199 7476163 7524915 7776664 7964971 8036471 8191735 8340269 8432892 8549720 8591394 8610806 8987630 8993608 9004805 9133102 9197307 9223206 9252309 9332634 9347976 9365366 9721003 9801994 9857421
41
63975 85015 147270 405736 1085216 1309420 1337642 1504031 2198268 2440851 2461527 3165113 3215243 3574768 3619443 3671673 3741943 4025676 4039989 4103480 4210136 4863307 5083035 5204283 5232390 5693452 5805229 6193649 6248366 6628675 6710417 6893993 7407578 8061085 8236481 8241867 8427883 8808453 9346396 9751629 9867939
26
660735 866991 935019 1350940 1816086 2171472 2366229 2523283 3004159 3598011 3628734 4860286 5220505 6510487 6631764 6672413 6796132 7321558 7563885 7755245 7798943 8272837 8443258 8929208 9308387 9590418
28
520170 873095 1367553 1840810 1900852 1903224 2080002 2134874 2426037 2475799 2772851 2870053 4401662 4458828 4667358 5467015 5597553 5926781 6635639 6783813 7276343 7798059 8012077 8158779 9105581 9279247 9409995 9985020
55
259319 525269 1066861 1414842 1892235 2200647 2438369 2510250 2776834 2782834 2838620 2926870 3192507 3371436 3958565 4062893 4083703 4353674 4383740 4944610 4961419 4988052 5057687 5067816 5416784 5688867 5931578 6123153 6368128 6449294 6481644 6586109 6624761 6671020 6941860 7038387 7102796 7500335 7620747 7705081 8097657 8199210 8212414 8237500 8469160 8522150 8660122 8942860 9068861 9336462 9343146 9455024 9659369 9677982 9848954
22
804109 1600376 1655519 2299045 2593630 2697257 2799154 3644499 4182661 4333531 4862849 5030047 5077950 5397990 5707696 6162024 6513376 7372784 8343502 9159058 9605461 9846770
26
125118 663017 751518 891009 1125965 1237897 1265275 1613451 1956109 2041027 3056850 3381418 4259742 4360385 4530386 4855296 5383418 5681845 5916357 6099038 6956803 7136330 7241215 7500844 8675443 9099344
40
24137 131923 416564 557562 1169488 1702916 1919307 2059970 2065263 2427972 2457579 2504082 2561149 2655772 2846713 3122219 3217258 3271682 3362596 3492698 3631125 3648323 3772918 4051796 4515969 4750987 5259044 5378714 5653087 5885832 6158709 6329033 6981443 7264960 7376425 8538997 8811172 9136034 9797196 9977809
90
28806 201494 269098 329671 406682 526435 566740 693823 858227 1305955 1342458 1384708 1435572 1593381 1685952 1942042 1950701 2037427 2119441 2196633 2234067 2283734 2296244 2469118 2508590 2608745 2682121 2735537 2784633 2803436 2830088 2910199 3216063 3611127 3875150 3925015 4035875 4064284 4105847 4117314 4177216 4230503 4254638 4287049 4478027 4567345 4702216 4822473 4829023 4878064 4900269 5209644 5679684 5794087 6195480 6444378 6552477 6632459 6702205 6782176 6800602 7116860 7118464 7146856 7185509 7234092 7238882 7371813 7479298 7509190 7674476 7732211 7879823 7905783 7921523 8130742 8348235 8757837 8865682 9212005 9242511 9516425 9516809 9536162 9537131 9604418 9625362 9627563 9678846 9881706
27
540934 776532 1086816 1683019 1805992 1930443 2854590 3190547 3204493 3432620 3757921 3981099 4746411 5003774 5022409 5586364 5991063 6208291 6918634 7950577 7976158 7981038 8138125 8442380 8496096 8833280 9095020
29
293355 505958 950242 988569 1066079 1233938 1319805 1335733 2035669 2747133 2858181 3155313 3174258 3292961 4426606 4588770 5143967 5315004 5680671 5717610 5773780 6028234 6144029 6597411 6906205 7007226 7267211 8082463 8168521
26
204964 457849 546646 945448 1512587 4113724 4305658 4377670 4527450 4835135 5451361 5463290 5948960 6222181 6384918 7405206 7593843 7913372 7962660 8707818 8721507 8856946 9080272 9112547 9630555 9926206
36
26402 461360 1475049 1905337 2120533 2481049 3252333 3258660 3294707 3442720 3777386 4174049 4642527 5868919 6391439 6410039 6532143 6565253 6571642 6602807 6681069 6734063 7000533 7062083 7145906 7670063 8402194 8662256 8742985 9002062 9003367 9105599 9197668 9504015 9508635 9527567
24
302451 486702 633237 776723 1339051 1447431 2049844 2346591 2649182 2706855 3387196 3456360 4157169 4780872 6521435 6873166 7180405 7297756 7374336 7683740 7974547 9112033 9118623 9967424
35
220623 303225 389765 719158 753793 1802195 1819417 2037096 2119004 2324318 2361243 2772751 3531872 4516862 4571672 4606703 4609108 4939637 5365931 5422351 5507365 5785163 5881778 6180604 6216891 6605497 6626628 7581050 7640292 7660958 7940712 8706654 9193342 9236189 9643319
55
114788 325139 790090 817052 1329808 1334216 1458291 1589040 1779496 1846070 2005972 2066759 2139171 2495550 2509957 2603797 2673872 2696945 2831050 2835959 3061369 3234290 3502918 3558572 3558916 4248300 4285416 4453053 4650977 4720487 5450150 5559617 5886764 6013681 6164348 6165828 6169453 6472175 6478549 6492375 6618644 6717080 6739818 7100008 7360443 7598062 7874155 7939108 8587351 8892807 9034813 9373800 9490479 9719241 9750063
65
218166 248171 388244 704016 1203754 1476233 1518205 1521215 1789332 2075546 2145363 2250920 2379291 2747331 2909339 3435030 3532977 3547037 3913426 4136329 4298333 4466847 4577955 4617378 4663741 4731352 4872293 5162844 5274514 5389273 5495164 5776355 5820084 5894573 6032033 6148778 6254754 6581911 6815228 6846223 7067158 7101805 7183874 7350073 7788274 7810242 7948988 8243172 8380602 8551803 8632910 8636746 8674030 8716557 8903675 9087613 9102106 9247895 9422263 9533398 9661033 9701923 9780220 9803564 9986702
67
184504 303690 343316 358451 439562 567389 1036053 1050987 1128927 1134030 1214851 1329963 1506374 1514341 1584375 1839398 2239756 2276980 2574628 2747204 2871581 2946939 3027037 3052121 3171610 3307679 3359689 3506632 4086860 4345105 4390570 4588125 4761274 4884745 4943735 4991319 5094701 5160075 5171759 5222312 6056696 6126507 6136595 6186910 6464879 6475173 6756696 6829290 7099168 7117801 7615107 7634283 7781908 7840508 8370648 8449154 8735541 8871847 9156240 9206004 9347324 9436111 9550737 9565078 9578203 9870129 9914651
79
53206 75571 159998 188382 289880 326683 392857 457393 570018 679099 861668 1071403 1405987 1440762 1589996 1678412 1843076 2092247 2100462 2226763 2511141 2873063 3154250 3159069 3197355 3269348 3568078 3590355 3673383 4015158 4081844 4137657 4157660 4505025 4526860 4547267 4846527 4911025 5008163 5131553 5229099 5332398 5379502 5402234 5411653 5422437 5493367 5645783 5665476 5665886 5728534 6064823 6076433 6140143 6288166 6536617 7174698 7365071 7631214 7724970 7742000 7832423 8019860 8080880 8108513 8147582 8359719 8411369 8543993 8947130 8952131 9061853 9072824 9419006 9429124 9534372 9700694 9796066 9963211
24
376389 719458 1124616 2134874 2146813 2181634 2419503 2897130 3021310 3051160 3641048 3946593 4463058 4814136 4980767 5199738 5570243 6728943 7227772 7232223 7233709 7281415 7687240 8640249
33
521782 666632 1460313 2143945 2257741 2327274 2912896 3017805 3019913 3070676 3698229 3849701 4614897 4770268 4851149 5159081 5598306 5649427 5926760 5965514 6372968 6508242 6837805 6986511 7159037 7358414 7831919 7858909 8425700 8791575 9417160 9872331 9945059
34
123039 134012 148887 647886 821434 1312943 1997122 2296038 2430432 3097472 3111982 3141013 3279778 3360898 3952887 4004841 4234614 5192381 5258253 5356791 5507253 6039226 6291953 8644620 8715030 8925277 8927047 8947839 8957694 8991742 9444597 9530528 9546899 9858932
73
34531 103960 286182 415194 579415 862590 1084121 1096838 1381823 1487640 1508384 1567478 1690016 1824506 1868652 2017509 2083034 2230302 2666787 3025248 3145672 3220977 3378055 3398138 3446620 3640151 3904517 3975444 4117815 4349788 4465692 4490963 4867623 4890011 4899565 4943019 4973189 5152480 5236286 5548712 5578520 5904418 5931235 6149589 6157209 6166328 6340872 6942914 7004309 7121209 7250835 7291062 7302088 7308402 7335772 7541894 7621749 7640882 7701404 7728076 8200641 8566989 8650859 8689152 8757213 8785101 8799521 9325684 9327091 9342471 9621923 9852804 9916319
42
136372 166797 282505 321907 531206 1095381 1221334 1250567 1282144 1674124 1995227 2134847 2740563 3230188 3297172 3366046 3625151 3803015 4222315 4485843 4876987 4919747 5447165 6008120 6193841 6217509 6272210 6307924 6489805 6763516 7061168 7100375 7245317 7339395 7960296 8260141 8317898 9009788 9200826 9210977 9653053 9930323
55
9309 278121 429270 872917 1053557 1060696 1369106 1444735 1473728 1789088 1965518 2282613 2302113 2356440 2367268 2571996 2672875 2981427 3231059 4062222 4128097 4188032 4827013 4893036 5150585 5292820 5424767 5485799 5552180 5633963 5646910 5676102 5782974 6312516 6325047 6375195 6603920 6790567 7240748 7307205 7409845 7439076 7579537 7820034 7830817 7834931 8603987 8681452 9337120 9416696 9536089 9539768 9583725 9864241 9878582
93
43422 51548 88195 91329 93181 101172 185255 345760 601166 618196 669889 777817 862427 1051534 1146481 1193512 1298085 1487801 1568893 1633767 1681045 1735807 1800790 1856445 1888766 2082227 2128478 2428864 2431002 2530021 2705904 2738996 2962861 3016196 3027338 3059415 3066114 3366877 3422737 3628894 3799230 3990527 4079391 4193805 4288930 4696646 4726556 4744271 4951682 4993857 5265961 5391716 5499426 5560260 5629735 5633149 5753886 5835613 6086704 6087132 6171249 6317110 6502957 6622688 6923609 7014512 7167298 7229944 7320538 7421564 7504812 7512699 7563778 7615660 8169736 8226230 8275449 8290572 8584072 8803632 8953111 8959213 9226974 9236252 9283990 9290805 9414734 9421968 9481547 9490420 9770712 9791390 9982150
35
69490 162625 496764 685893 845454 1613520 1869118 2104884 2152251 2165504 2199321 2755380 3084508 3591568 4989809 5368317 5700198 5839480 5939751 6465271 6680432 7315312 7644440 7815547 7986386 7987413 8060140 8326199 8400451 8528200 8750748 8941543 8943957 8993565 9294510
82
229033 246458 401052 413668 464739 487515 549432 651756 741793 748924 878877 915540 998770 1230758 1292892 1401284 1450463 1671461 1788500 1956977 1959545 2496036 2601320 2905258 3341366 3471561 3664017 3790565 4347865 4376404 4497370 4560502 4594817 4646154 4668448 4741064 4774608 4834350 4949357 5216368 5246358 5268300 5459660 5568620 5620627 5698899 5722531 5765376 5838497 6471154 6609652 6661521 6705980 6793852 6884910 6932107 7077186 7163420 7200529 7488255 7524518 7643851 8068550 8162930 8247918 8357856 8366983 8411854 8487214 8498333 8639393 8710444 8762810 8827379 8857396 8951160 9112117 9168027 9360297 9637326 9698396 9832370
78
46726 217904 355010 371676 440192 749564 854960 1078840 1201571 1312862 1376649 1403409 1445965 1451389 1650477 1660452 1739188 1992891 2015888 2194080 2467046 2471517 2489823 2965241 3124512 3239462 3329252 3378636 3431635 3529805 3665295 3864364 3998596 4034895 4360906 4511173 4587372 4619107 5080291 5154665 5260236 5275431 5291842 5435127 5542368 5737089 5927601 5969307 6124868 6365710 6465747 6532290 6547435 6563364 6697361 7024389 7179169 7187903 7225123 7295871 7647983 8126955 8195732 8207551 8207630 8277700 8400767 8443201 8526518 8604181 9042346 9112827 9373312 9488563 9734332 9743566 9825751 9899415
