100
6
12 28 39 45 89 90
5
19 23 42 76 80
4
12 30 56 73
4
11 36 38 64
5
10 21 34 37 47
6
9 41 51 60 85 96
4
27 28 38 50
5
14 39 52 71 85
5
1 5 22 51 87
6
5 12 23 45 66 84
4
28 51 54 63
5
25 46 70 82 89
5
6 39 70 73 87
6
1 18 21 46 48 59
5
15 24 31 72 97
4
8 25 29 67
4
35 53 74 94
4
19 39 45 61
4
3 19 39 89
5
40 55 70 78 91
4
1 44 64 65
4
17 67 71 91
6
12 13 25 89 90 98
5
27 36 37 51 58
5
4 8 19 46 77
4
3 33 81 85
4
17 36 52 78
5
12 67 75 97 98
5
19 21 37 67 96
6
4 20 51 62 79 97
6
26 65 79 80 87 95
5
23 55 72 78 98
6
23 30 47 57 91 94
5
13 37 81 82 91
4
8 31 70 80
4
18 26 68 91
6
8 33 34 71 85 96
5
16 42 54 61 92
5
45 80 87 93 94
5
9 40 47 68 87
5
14 37 42 69 98
6
22 29 31 41 67 90
4
11 39 89 92
6
13 28 64 70 71 99
4
9 44 52 76
5
32 48 51 59 65
6
1 6 11 40 63 77
6
16 30 40 46 55 69
4
26 49 58 68
4
42 49 77 84
5
37 60 72 74 93
6
12 26 32 45 52 71
4
12 73 91 92
5
12 31 34 52 57
6
2 22 36 44 72 74
5
51 84 90 93 96
4
49 52 81 98
5
7 16 19 33 85
6
6 9 13 14 40 82
4
18 43 55 71
5
37 56 57 65 93
5
3 63 77 84 92
6
24 25 43 60 75 97
4
30 53 61 93
5
15 18 52 70 92
5
55 64 81 88 89
6
5 10 47 51 66 77
4
31 62 79 90
4
15 35 59 90
5
16 33 50 63 75
6
19 32 45 69 83 85
4
52 53 57 90
6
4 22 36 53 73 99
5
3 18 34 47 48
5
1 4 13 30 32
6
2 51 78 80 84 96
4
27 57 58 85
4
5 7 34 75
4
6 47 76 94
4
15 34 86 91
6
36 41 45 55 74 94
6
6 35 42 46 62 72
6
12 39 40 46 75 93
5
22 27 36 37 83
6
14 15 74 75 76 90
4
8 29 73 84
4
12 26 31 43
6
2 10 17 38 60 73
4
3 8 13 54
6
6 29 38 66 81 90
5
19 39 56 65 82
6
32 50 53 56 63 93
5
17 18 25 58 66
6
24 47 48 52 84 89
6
7 54 56 77 97 98
6
1 14 46 52 78 86
5
12 15 16 26 54
4
5 12 55 74
4
24 67 73 98
5
32 35 72 78 91
