5000
824 94
1934 4644
338 329
1772 1634
2735 1017
736 1688
2827 2690
1250 1559
3420 3278
3364 3029
1507 2482
3360 2944
3879 3764
3751 4176
4437 3472
341 2207
3510 1257
376 2114
1975 2619
2221 2264
4116 1656
3627 4124
94 842
3060 1265
2574 1233
608 106
3385 371
57 1051
2936 2488
4093 3719
1497 2892
4425 132
2090 1546
2429 1980
3441 1331
94 99
682 2991
1723 2170
3328 674
3079 1694
2651 2045
4167 1514
1527 1512
94 3436
94 3184
225 1561
4171 4537
4857 3421
1615 362
1271 1084
4723 4819
2461 818
981 4319
519 4872
3122 2655
4259 2996
2832 739
4798 83
939 3733
620 614
4215 1804
3092 4454
4278 3386
665 2498
3363 3580
499 2610
4351 256
4856 943
2537 544
1321 270
1430 1364
3336 327
4596 4032
3660 1488
4262 1717
577 2266
1807 1314
94 4476
2658 3128
2637 3275
4773 243
4590 2047
828 4876
3773 4925
1483 46
4634 4309
209 1962
553 982
1707 2716
599 3259
4893 2604
3721 1071
94 4871
1661 787
3611 3281
1022 876
300 4772
3298 4261
350 1149
2671 859
4274 2566
3821 3088
94 3418
94 4937
1891 1179
1558 2828
3774 1502
94 1800
2768 1186
3266 652
4040 3892
3781 94
3177 4823
3913 1612
1583 3280
3817 2426
2012 4682
3204 3045
844 1486
4797 3312
1321 151
4090 94
1184 251
1074 4187
2319 4068
3193 3950
474 3889
94 3662
1150 923
2805 2703
1985 616
3528 250
2116 2736
544 3638
3839 789
3700 36
2403 3145
214 94
3499 2916
94 1438
610 3083
1762 2897
4530 3750
3390 2353
1675 4540
1563 2327
581 2164
1472 2800
4580 2793
4073 2653
2270 4425
1390 3955
3117 1231
679 2396
227 4038
3950 4200
2425 2193
207 284
3714 1225
72 1083
801 4956
4047 1775
4764 3035
1560 94
3994 2484
94 4462
3419 70
580 1848
1538 94
4155 91
1127 3981
1711 3771
3062 3087
1412 1276
400 4213
1124 3423
1295 2683
1070 1881
119 94
94 1752
1754 94
2022 3280
94 2577
62 794
1992 4216
3612 1422
3505 3563
3913 3357
2660 1641
3010 3595
1599 3452
4081 2745
1549 1425
3457 2449
2433 330
3575 1750
1175 1235
4347 3407
3786 3397
2213 2932
4541 18
1567 2837
94 4720
2169 2901
808 94
1666 657
3003 3935
3063 2067
3632 94
299 2989
94 2419
299 4822
4719 2293
2813 94
1394 1594
2365 258
1665 3202
3012 301
4535 4558
2748 244
2510 1338
4554 4136
94 1218
830 1296
2381 3937
3064 4695
408 3232
2099 147
4567 2238
117 682
4516 4555
4358 736
1646 1613
2224 2030
3978 3225
3705 2909
4484 2029
2273 3625
3281 4653
3274 3033
3063 3789
4128 4841
2711 1993
4660 769
1751 3450
35 2163
264 3316
4971 412
4395 861
4152 2038
2306 2503
1666 2784
3515 2288
94 1242
4115 3217
2895 4388
421 94
4685 3573
3807 2906
2406 1627
4063 1490
5000 676
2096 2242
4724 4776
3912 779
4746 136
2059 1983
84 4018
29 2992
1452 2079
2526 4309
4061 2661
94 2942
919 1660
1011 2665
3832 2340
3242 3677
432 4878
2498 2073
2415 42
3930 594
2512 1108
4887 1836
4336 463
2690 3539
866 3450
2217 4047
4541 4522
3711 4645
693 3649
94 4935
3597 3911
3170 1476
4244 1319
3645 405
4147 3448
4223 3050
3119 4044
2158 94
1437 1106
4767 1483
311 4687
3154 575
631 3730
4887 1687
2733 2843
3791 1232
3228 3907
69 2901
2822 551
4205 3713
4110 2967
1785 4834
4165 528
321 1448
578 4328
2189 2878
4532 4063
94 1453
2941 411
1859 4301
4497 3909
2685 975
78 2502
94 1133
4445 2235
1808 4832
3254 2382
4387 531
133 2445
3865 3244
1921 2898
1243 1928
4685 4995
2255 1278
3424 1951
4767 822
446 2578
2427 1768
463 4718
2621 2660
1421 4529
94 4103
2938 4069
3994 2291
1511 4445
41 1769
3899 4041
2126 2357
568 813
1795 3850
94 4946
3733 2326
4220 969
413 495
3754 3902
4065 2390
3555 134
2328 3382
3520 1601
4827 4967
3683 689
3297 2968
2687 1227
2576 2500
2667 1725
4544 2170
4252 4703
1756 94
2206 3590
1888 4997
3421 4401
4858 1347
4429 281
2752 411
3559 443
4482 3439
2725 2164
1466 1397
1939 697
4593 1212
319 3412
4520 568
1867 742
94 4460
779 3202
1111 1223
4587 2644
1731 3227
4931 4823
1134 3959
2758 609
4983 4708
3731 51
2816 2044
3162 744
1829 984
4405 2258
2654 1023
4677 1807
3873 1566
1606 1908
1121 3373
635 4904
982 1166
1352 199
1972 4974
4105 1427
518 795
1079 94
3061 4106
2710 4963
1459 4737
4534 1361
2456 1338
1147 603
4926 2392
4007 1007
803 2829
3106 959
94 835
1214 4911
902 334
4756 3836
4076 2248
1267 4748
771 1098
280 1616
3833 3513
2597 2156
1691 4408
3974 978
4017 1767
4151 4697
355 3739
3136 94
1465 3423
3024 3061
2406 4084
3707 466
4839 2238
1395 2121
2654 2773
4194 4315
2822 93
527 1527
2737 1336
4814 1065
1861 94
853 2683
895 4856
94 3797
3195 1593
662 4047
4400 108
3910 2131
2966 3216
4702 767
4735 1969
4107 1081
2945 3827
3457 2378
4692 2755
827 3485
1035 2610
4741 94
3610 1668
1308 2108
3878 2788
87 4286
3378 661
969 1265
153 2795
2184 1004
654 3837
1569 3554
3736 691
3061 4521
611 1955
3511 4251
3000 1809
211 2571
94 4600
4594 3628
1237 786
1808 830
4211 1379
1764 302
750 1316
111 4794
3737 2286
78 480
2074 3897
2476 2728
3211 4539
1101 275
1366 2329
4270 4226
4731 281
3670 437
3107 2241
2932 1300
1528 587
1435 240
3055 1759
585 1173
3613 4728
1227 4445
3902 4805
1912 3986
3589 1135
2923 3048
681 2960
1963 156
4307 4424
3273 1719
4437 2988
4321 2462
2804 4597
1687 4848
398 4903
986 510
2706 4331
3325 3556
1210 4495
3255 1435
4411 678
123 1420
548 3562
3416 1276
3367 3683
1319 2016
1987 94
1997 3934
2893 1929
2004 92
831 343
94 2536
107 3224
3163 691
4072 94
94 792
4058 3487
767 235
3894 4864
2999 3966
4701 2152
2199 1144
4172 500
1640 696
1399 1202
1049 2229
97 1467
468 2889
2896 94
94 4595
4569 2897
2750 2379
966 3170
1784 4330
2686 4665
3842 2450
3040 3432
3200 3367
1991 1075
4737 3829
2151 3138
94 656
3556 448
1810 2821
94 420
4350 2765
1093 450
1816 587
1537 3948
1393 4926
881 2084
3651 549
4004 3189
2745 3636
680 4843
4288 4336
65 2696
3802 1495
4094 803
94 4149
3360 4430
1435 4065
901 1491
2420 3948
4281 4864
793 2735
2553 4828
51 1876
160 2840
2697 4672
2564 94
2734 94
2410 1712
3210 3400
2354 4241
2569 3703
2839 940
2399 2608
619 4790
2814 4652
4339 2294
488 4543
4029 4355
2106 3820
1348 2833
3303 4039
94 1463
2321 94
519 2271
433 2445
3102 94
4646 3599
513 3307
2307 4804
94 291
2901 1925
2990 406
457 2182
3532 2063
685 1907
4956 4908
1858 3412
3910 101
1694 1221
94 4766
1301 1822
3458 3241
497 2411
445 2343
4531 775
589 3232
94 4866
973 499
2056 2918
2404 2337
1019 3848
1639 1185
4165 1383
1307 1479
2565 498
4157 1726
2945 3741
2533 3571
4120 2046
711 94
2440 946
882 1304
4347 4155
1950 1449
2653 1583
2329 1446
3323 1226
3105 4877
482 1486
547 102
485 4929
94 3617
3105 3414
2667 2401
184 3690
3619 1240
3238 386
486 1561
3202 3946
170 2202
3646 3844
2364 1266
2009 1446
2093 4016
4467 2306
1287 4254
1556 1410
4244 1360
3918 4051
337 223
1770 384
2399 4069
1683 4905
2880 2334
1496 2172
1436 667
1590 94
2408 2262
1544 94
4233 11
1528 2033
518 2027
94 1114
4347 4228
3353 2201
94 1579
4606 1259
1183 3952
464 3785
2466 2949
1546 216
4040 993
1131 1997
4901 625
1587 344
21 4823
698 1147
2614 531
4424 1604
4208 1359
4466 1854
3651 2761
3415 2134
2373 3183
3718 3340
3923 2139
3067 2046
94 2751
931 2209
4743 1715
3134 2174
11 4362
370 3844
4035 4712
1197 1288
827 4043
856 2711
1328 2938
2246 1229
298 1674
94 3973
3577 1719
2795 4225
3298 4535
793 537
1622 1933
1177 4431
94 4295
4102 2286
1837 4646
3956 2483
2916 2690
167 1308
4298 1723
704 2585
4269 4262
4471 201
1289 660
3120 1383
4911 2366
780 4442
4550 1598
4097 534
955 2254
1686 220
4967 642
950 2694
718 2694
1769 1737
1787 94
4958 4185
2411 3347
94 4625
1564 1477
1129 1254
3832 1849
94 3093
396 1136
3447 1914
2441 3543
4134 94
586 94
4548 773
4051 1488
1680 153
2860 4480
1774 942
4500 2476
3877 2873
3459 1211
3044 3777
949 1477
3881 3229
3472 4745
2299 1193
3241 1322
4570 3390
4273 4635
719 1663
461 1015
4059 3485
2956 946
1597 2376
4250 3446
4849 1791
4366 3258
3824 94
1281 2386
4243 94
3655 782
1278 3103
4930 429
2499 4088
3806 1601
3478 3966
2515 3051
94 2195
2642 3238
823 4332
1608 94
3579 464
687 985
4454 53
418 2417
891 666
94 2972
487 1860
1783 913
2902 150
3758 4658
94 695
2145 94
2503 4031
4806 1834
4876 4372
872 684
3793 2985
1949 4642
1454 3607
2200 3456
4564 2602
4088 4963
426 995
2122 3635
2438 94
4197 2342
4118 561
4507 592
2578 652
4860 3860
3238 2057
94 729
25 2533
2025 4956
3164 2138
3689 4439
3491 197
2356 2530
3367 1012
3656 4095
94 2554
2271 4233
506 3157
2411 4014
3191 3969
2011 1535
4541 4865
3615 4611
3903 1290
1904 2572
3284 3750
3245 2619
4475 74
4929 269
109 10
3577 1985
1580 367
4330 1499
646 4387
1875 712
1798 2930
2345 139
1126 1982
590 3052
4477 2096
3268 812
4144 597
308 2756
3391 2592
2354 3153
3303 217
4907 2385
1502 2562
933 3390
1067 1922
2477 2513
570 94
3719 837
523 2302
449 1944
69 2237
3128 4940
755 2758
4938 307
1449 2317
672 4282
162 2011
3640 2353
2982 94
2723 2808
507 2418
4989 3357
2398 4297
2497 4640
3874 919
736 309
537 4411
4199 2779
3230 3814
1768 3008
3754 3761
2015 1934
4278 3224
4516 1024
3495 1577
1104 3058
1948 194
3096 2716
3776 1373
912 3264
543 3745
1850 3437
1975 4046
298 2542
3738 987
34 4183
2676 3883
2441 2807
4044 368
1693 65
1478 4704
2010 3566
4668 533
3518 2359
494 465
2510 2495
3682 3069
94 2125
3160 2439
3988 94
1002 1877
215 3616
2931 2203
2178 1713
4179 1902
94 1844
146 1235
1573 2204
2797 2622
2501 3756
1525 4028
2990 1640
3053 4942
3300 3458
343 419
266 1074
9 4826
1913 1459
53 730
2943 94
1503 1163
2983 4444
2048 3838
1282 888
1091 1445
3943 758
520 2283
599 1929
4984 3402
2222 4113
4912 3333
2860 2612
4054 4177
1174 2339
113 3414
1581 3654
4210 4669
2346 3944
3688 3673
349 4686
1742 800
2764 763
3502 2150
213 1428
1753 2083
1894 4606
1912 3463
4015 3593
548 4182
196 4558
3501 2753
3937 1430
3954 820
403 2673
3884 2180
1766 94
1828 3609
94 3743
3939 2104
4880 2633
4252 3757
4597 1536
3569 72
2228 4116
484 1899
4553 3960
1833 235
2913 2427
1774 4822
2124 3696
3950 565
4001 131
592 3396
1685 3194
427 94
3347 2012
3702 94
3426 4620
2505 383
2369 4394
377 94
3895 2272
3107 61
3398 3775
1942 2220
515 3180
3752 4399
3956 3726
1417 349
1772 1928
94 623
3086 4685
2687 962
1393 2657
3680 3809
972 2188
2938 1624
2614 650
4250 2573
845 2031
1700 2253
3677 3016
4251 2631
4960 3020
4575 2859
2728 1873
2705 3219
4542 3274
148 3591
4901 4738
3221 426
1600 2703
5000 3066
1636 4408
4016 3202
2398 92
4422 470
4307 2944
305 3478
4128 1635
484 2336
2981 1036
3633 1848
2320 94
4510 94
3140 2390
3383 1389
4398 1057
659 546
74 82
1893 4851
3428 2070
3060 2776
2143 4303
171 1835
4433 1992
563 4270
257 3546
1713 2090
3806 436
1269 170
94 1326
641 3046
969 4793
1452 1847
2898 13
1185 819
556 534
1719 59
4499 1503
1519 1335
2111 3357
821 772
4389 3281
3376 279
2979 3837
3911 763
3756 1076
1019 3502
4436 3728
2977 1659
2298 1790
94 4654
94 2525
1482 1004
3220 4071
2274 2197
4765 4516
179 4350
4672 3888
1680 4467
94 4964
3265 949
1009 3359
4128 2812
3476 1711
4468 1740
3834 1633
434 94
452 2444
84 774
4294 4352
4705 3752
3888 3871
3903 1660
3179 4502
3462 305
94 4860
2963 3287
449 2328
222 4958
4765 432
3029 2334
3614 546
41 740
981 30
432 1887
4726 94
4226 3624
1812 3226
686 3992
3725 94
4264 94
4702 4584
1080 4789
3826 94
2185 4986
1434 46
1167 94
227 531
2128 2872
94 326
2128 1870
257 4041
1520 910
2029 3326
3693 1407
568 4650
94 4947
4176 3842
4337 3748
94 4052
4506 4239
2952 4577
4407 1035
94 2214
3919 4632
4806 3262
2440 1231
3032 2793
1189 3357
2642 129
4468 3938
94 1998
152 4968
2274 2702
94 3
1362 181
4191 94
4165 3652
828 219
4768 4856
4582 3525
1213 4517
3453 2225
1610 2439
1572 4353
947 379
782 997
4713 3168
4655 2635
739 4302
1893 4354
4730 1155
871 591
94 701
3427 1029
1124 3335
1366 3917
1959 2397
1059 1941
4246 4972
3878 536
3120 803
1005 94
4758 94
4210 3736
3534 3481
1910 3003
940 3792
454 1937
533 3001
4957 3599
798 1933
1516 1545
1857 441
1926 4949
4880 3979
2879 2307
1649 3820
156 2862
4723 2459
3176 2143
1577 3847
525 4169
2324 4373
4886 1697
1272 3524
94 1388
1971 4755
424 3286
2804 1897
94 4837
522 3694
1013 249
4416 830
2199 738
3385 3674
4594 3598
3463 3318
629 4643
3416 909
4342 94
3158 3452
3629 2838
94 4078
171 1542
1858 829
738 3626
1749 2030
4855 3430
4990 94
2884 1176
4976 4359
481 4169
4661 1064
1013 3442
3516 94
3369 3510
2787 3550
4104 1757
3314 610
456 3753
926 94
2410 609
222 2948
4174 2596
1270 4349
3338 2338
89 3555
4616 2842
3807 3246
4848 3864
4218 4745
4470 3089
643 1589
3055 4777
3127 3634
3188 3301
203 3013
94 2987
3628 1510
4002 94
3555 4229
94 3263
3183 2597
2673 21
4944 3146
4089 170
2708 265
4974 2970
562 1900
3030 2267
4838 4507
3788 3618
4458 2497
2464 1225
2593 4796
1150 2135
1428 2846
4087 2818
1006 2301
173 4547
1249 510
4817 456
3133 4718
750 295
3296 997
3744 135
4382 4733
152 1461
2874 94
4087 4503
4985 943
356 2284
1286 1070
1986 4140
4944 1179
4216 3454
2546 3785
2515 1449
676 4138
2644 3197
4624 94
1157 788
3859 3077
2559 813
301 1163
3271 1680
1619 2986
4333 2243
1429 1730
1823 584
2592 3243
1009 270
2679 2576
2580 1305
2068 4057
708 1519
937 3903
357 3340
4280 2724
1573 3669
4267 1113
3342 2729
3706 1897
2923 804
3014 894
2984 1267
2458 94
480 1722
3908 4335
2051 506
4551 94
17 1039
3473 94
2018 94
54 3157
3172 4645
658 3900
4622 2258
393 1782
26 3683
316 886
2756 3244
1003 908
4451 1026
199 1605
3370 4623
751 2745
3908 4173
3564 439
428 4053
846 2740
720 4427
2332 3192
4909 3795
1775 3994
60 94
2946 3365
4238 4028
3836 213
3927 199
4843 3616
4749 3670
3553 3043
508 692
4482 4087
1260 2997
2006 1444
404 342
72 3501
2034 3584
2233 950
2642 4282
409 1769
3485 3200
3420 1618
723 3032
4479 4636
94 2904
4844 663
94 4364
802 3667
270 3120
2139 3949
94 2069
3646 2330
2384 94
1465 2407
2719 408
94 3835
1268 1927
3434 4176
4423 3220
4602 3957
3696 1589
2508 806
94 1738
2144 92
3755 879
4268 1293
1690 1113
3293 2409
90 3030
90 2044
4948 1516
2371 94
1909 3875
4324 1102
94 1654
4123 948
3671 923
2170 2107
3802 3366
4692 4791
4148 4107
1676 4772
2208 3127
3663 1082
4324 3886
4045 94
3630 3468
3503 3681
2986 1604
120 143
454 4620
174 1960
3127 709
4182 3258
4369 3816
273 3694
754 4152
3773 4025
2402 4075
2256 2120
4369 2965
94 4892
3154 2810
2363 1526
3135 4394
2043 3081
4902 94
1645 2248
757 4414
486 710
4101 217
1533 4435
324 2915
1142 2953
3217 2119
3201 7
4021 94
611 4256
1729 1591
1331 4248
14 934
1431 94
550 1896
3211 3257
447 3332
51 4236
690 2851
2974 3675
4407 1191
2937 94
3802 2847
347 389
2646 583
461 4562
3130 2222
4717 3303
3374 2670
2086 2288
4840 1108
850 314
1436 2241
4127 4646
2077 3076
608 3612
4939 817
4920 1009
2867 1594
4867 94
4820 3712
3264 3860
645 3679
651 1578
2905 968
128 2332
4415 4121
225 542
4971 1412
3736 3409
4811 94
1350 504
2931 4909
3426 3676
161 853
1262 4970
2289 730
94 4744
1171 1745
1063 1204
264 410
94 4609
1129 134
3771 3389
3490 94
1273 978
804 1962
574 94
2548 1090
1501 4972
4782 4807
4579 3800
1399 30
1002 2735
477 4617
2171 4792
3710 1678
4882 94
2366 3420
3999 1184
3956 2806
615 4085
794 2484
1127 178
4785 114
242 1020
4106 1256
1174 2448
3603 1036
3928 4474
2294 4217
94 3637
2081 94
94 3054
204 3812
1730 3733
4423 1857
2088 3073
4429 3970
1677 4304
3487 4215
2867 95
35 3368
1469 4073
3443 153
2549 1737
94 4987
3927 1532
4202 1366
1021 2739
1727 1805
4561 4989
4287 3668
3371 94
895 3388
994 1910
1657 4049
3114 4790
1508 3898
4754 354
2946 1404
2490 2058
4469 2837
613 1303
3228 4153
3658 86
3620 583
3447 924
3230 3128
1856 2969
249 1010
4142 1879
118 3873
4954 1854
497 175
2570 4694
2635 1466
1610 1351
1210 4067
1450 2789
94 27
1703 2278
4786 2928
1017 4500
229 131
1341 976
135 1069
4194 1918
4472 3331
2568 541
2176 1613
3841 1424
1270 2964
4775 3460
4918 1207
3910 1485
3929 94
2611 371
1956 94
3338 4092
3248 3462
1250 875
1649 559
1182 4316
2131 2625
262 4981
3352 734
3351 1118
2696 1433
398 4705
4472 3445
3536 4206
2686 1704
1547 4481
4715 1301
1314 1008
523 1781
3548 94
614 2984
1156 1168
3795 2555
1427 3638
655 2648
635 1960
4384 1831
486 483
2 2523
1180 218
3430 4217
72 4525
3815 4722
2023 94
4434 4334
1717 2106
28 1781
1963 3980
204 3090
1827 2042
94 4413
689 728
94 2212
2304 3567
2927 2754
3919 3624
1508 984
59 4372
94 52
4707 3975
775 1145
2598 94
2630 1065
3976 714
3029 286
1732 1828
4659 1336
4951 2326
4519 3481
1497 514
2469 4024
2414 2311
622 3451
94 2296
3648 1094
3755 1367
704 3133
4613 220
2209 664
3074 2357
232 68
977 1765
3937 1311
2250 3216
1275 1055
2434 1292
520 1698
1565 278
4885 8
1400 2247
3057 4598
3175 2717
2949 4552
2671 1432
94 1917
4852 1568
1136 3585
3218 2262
4659 4779
228 3624
3488 2064
94 4815
1346 1352
3103 1874
3485 3545
2761 2881
4898 1087
923 4490
514 1011
2287 3115
474 4466
3507 687
493 725
2579 3080
859 2957
94 3479
776 3256
2352 566
3790 807
4326 3838
563 330
31 3002
4011 3977
3065 445
94 1474
985 2817
1594 4553
4449 4841
2118 2583
1543 4709
2544 2067
2541 4170
992 2048
999 3495
345 3477
1669 1802
3506 4296
56 2565
4687 3864
3791 1631
2508 2792
2231 4799
4387 1164
4223 428
3452 3209
4272 2129
2709 1889
333 4585
1467 1260
4394 2845
233 1708
4033 4826
2560 4346
4027 3180
4788 2232
2777 775
3985 94
104 94
4155 3270
3384 3045
1625 4288
4141 94
4736 757
4109 122
4435 3763
206 4667
908 4262
4205 3765
3011 94
1060 3059
2104 1497
2374 2122
1154 4284
3982 2086
1095 3833
3952 3256
3625 4058
94 3149
4046 250
1207 668
3692 3822
534 4409
4110 4229
4200 566
3426 2009
4689 2993
1441 3295
974 1132
3886 3366
94 259
2236 4897
704 3486
2657 2024
405 380
143 2173
3323 983
2451 4552
2109 3072
773 3027
4071 4507
4553 2309
1854 733
3068 2604
3943 2471
2533 3028
1236 4490
1571 4313
2247 2482
359 3788
4235 94
4679 3107
1435 1898
4747 264
94 2071
4503 1883
4894 2026
1240 542
740 3372
1126 3958
4746 2902
652 1116
3685 804
1029 2711
2425 2276
2621 1408
580 3705
1979 1090
4827 2414
1642 978
94 3023
1101 3441
595 3045
2307 4761
202 766
181 522
3483 4271
1995 1563
1072 1043
4735 3526
675 12
4480 407
4361 4542
1739 2912
2545 1368
1172 3843
364 532
3859 1692
2312 127
77 713
1759 1793
907 3533
2220 545
1678 895
4240 1888
2494 4941
2760 1362
647 4933
3739 3866
909 1585
4594 4348
4050 4428
81 1480
1920 2865
3419 2451
137 1194
777 1609
2892 2038
4351 1030
1401 4528
2050 94
1075 2578
4291 1773
1607 2175
1613 232
322 596
1986 2313
627 94
4277 94
4575 1117
1615 4924
2927 762
3062 47
2201 3962
4139 4390
345 3538
1051 3740
1628 3443
41 1761
1710 48
4668 2717
3596 3104
94 1128
4973 2709
3356 4465
1456 1127
4577 2961
1041 2872
764 4855
1876 4803
744 2409
1444 921
2812 2767
2990 310
4711 3156
1153 2107
1712 4159
1839 849
1335 1689
4161 413
1087 1932
4528 3005
3483 3332
800 4123
796 1908
2971 2955
4993 3909
4965 2772
1668 1828
1443 521
4321 1355
45 2551
4319 3672
50 1841
4074 3151
94 1906
94 1370
3934 3981
2356 4862
2354 1721
3260 3189
1677 700
417 3328
4453 260
94 4189
2534 362
4285 732
3813 2470
1980 2885
2063 234
94 2603
3360 4299
1271 669
4514 2197
4535 766
4153 2807
94 3004
418 533
1337 1116
1468 4154
94 4030
2147 614
811 1432
1953 3442
2351 540
2785 1937
2365 168
4829 1311
1121 1204
3398 3584
1058 4814
2446 1788
4253 3090
4527 3811
2290 3075
1339 1038
4883 1419
3842 3148
4915 3169
2950 4057
94 2210
3483 3155
606 391
3964 1765
2549 4578
995 1339
4125 354
3019 840
3840 4842
2537 4354
2859 3623
94 2606
4980 1817
4851 245
2184 3991
893 946
2372 2737
689 389
4155 3749
3173 3008
3137 655
47 4478
2421 1946
2001 1343
1249 1648
3177 733
1670 609
2545 2194
2461 4972
3276 2039
3226 4050
283 3995
4150 4993
2498 4757
128 3732
2124 545
1467 2092
2432 2354
3717 2653
2335 1437
2240 1432
1219 1376
4854 4853
3072 2136
4594 325
2706 3704
4327 4496
2295 1248
1330 4183
4991 613
4004 4074
4079 2236
289 94
2423 2573
620 2629
1142 318
2142 1325
3399 2135
3305 3485
1936 3148
817 2911
4426 94
3970 3567
4007 2393
2043 2832
1042 536
4147 2468
4635 2949
4195 2277
2883 4161
265 869
1095 2666
4221 4272
2229 1767
1409 2602
1776 2748
4830 1793
3759 2746
2543 3551
2954 2852
4529 3457
786 1351
3288 3930
2733 4232
6 3217
497 2861
2328 185
2869 1306
128 746
4623 1833
3167 2500
363 887
4493 3907
2185 815
98 902
3417 3328
2933 1951
3475 2237
4535 4769
1173 1708
607 3343
1182 608
2181 2739
3601 2932
4068 905
4445 1655
2103 814
667 4240
1253 4465
1085 103
1604 4764
4604 2190
444 4900
4431 1373
1104 1802
4994 2641
1492 757
2488 4075
828 1123
3369 2295
3249 3505
1481 1298
94 2870
1586 2613
3788 4054
2933 198
2511 1734
398 4174
3855 1081
94 2556
2928 2280
4713 692
908 4901
4631 4498
1267 2454
582 340
94 3214
4054 610
4850 2743
94 1509
1940 2858
1120 4762
94 2333
1390 4524
4855 714
759 4906
1725 385
3052 605
1541 94
4391 4022
2680 3386
680 2267
2772 902
4024 2574
1557 4214
1632 1994
4054 1173
922 3410
1098 3691
4877 239
4314 4588
663 94
1121 2965
2514 3654
942 195
2465 94
604 3211
3648 3661
1698 4230
3731 2287
884 4444
278 1153
3178 2785
2303 94
3125 3909
3413 3496
144 1979
4809 255
1741 3597
3777 2259
3014 1789
3453 1404
94 4341
2141 376
360 4298
3339 1376
4589 532
1380 3360
4916 2263
2137 1574
4027 828
4080 1428
3240 4492
813 169
2784 339
3330 685
4633 94
94 1423
3206 4929
94 2601
94 2000
94 4961
3396 857
4661 1072
2552 1401
4712 2910
4412 4543
2224 2686
778 4503
232 2798
1924 430
4452 3875
714 3009
826 1746
3303 1868
4655 3151
1302 2632
3746 1439
829 1567
1979 1709
145 110
1651 1330
4154 1872
1759 1076
494 261
1366 3891
1858 1809
3619 1222
1863 4854
3127 1964
4956 3302
4267 3141
285 524
409 4814
3399 2609
4175 1287
834 1093
367 4527
3327 4080
2688 3541
203 3539
4673 3126
3737 3344
4679 4502
3304 2513
3499 4565
3341 4894
4367 3600
2519 805
2855 94
4736 114
3745 584
2890 4703
94 4988
650 1223
452 2282
1838 2312
948 4703
3901 2098
2834 2645
2723 3356
4675 1376
3719 4957
1016 2876
30 2857
552 2843
1806 94
1468 1097
1667 3869
94 2062
3615 4450
2268 4104
4530 2246
4750 1967
3355 4076
1062 2919
1578 2053
4126 4290
1916 1207
4180 4958
4663 1398
94 3586
2368 94
1760 4762
3236 4538
1658 1837
1955 283
708 4175
94 358
94 1489
3677 1215
4157 3389
1894 13
3209 3547
640 4377
4194 767
4802 1205
3323 2668
16 1230
1338 4201
1505 94
3549 3538
6 1734
4574 4350
2522 1952
2467 2656
157 1347
3539 4170
2239 94
3397 3704
323 3881
2641 3769
3509 4843
414 3879
1043 4344
1931 559
843 344
4556 2886
4923 2126
4568 4579
1062 3968
1996 4187
4840 1018
3492 3381
4075 348
4771 386
2831 2085
868 3638
2418 4907
2335 1350
4861 5
4125 3362
630 4325
791 161
2264 4928
4790 2100
4493 2055
4560 1912
433 3688
4887 2763
62 3271
2272 2254
1801 3891
209 3425
2944 4861
4539 235
3825 2205
3699 921
3766 3720
3883 3659
3575 55
1897 3690
3879 1056
3779 238
32 94
2402 402
2974 93
540 807
3793 4240
4580 3421
1783 3067
1169 2470
4109 3338
867 2831
353 2151
2442 276
1892 891
2708 1191
4008 3176
4389 50
2064 4992
471 1709
125 2630
1239 1637
610 2506
2741 44
4026 1381
4763 3172
4172 4615
3602 1729
268 4681
1632 3674
996 4819
4706 999
4597 2823
352 1929
1878 2731
94 1279
4596 4637
1151 407
2903 3419
3523 94
1792 3619
3365 4632
1030 2826
2476 2443
855 4695
1652 94
3493 3211
2476 1154
844 3558
1784 71
2922 1271
637 1967
2773 878
1852 4130
1164 510
716 4689
33 1533
4519 3056
4456 916
2885 2997
35 1939
3997 1462
4009 2233
1088 1447
316 2502
1216 4576
3470 2999
4202 3722
3758 2960
2752 685
255 3465
896 2526
2512 393
3487 1181
4246 2802
1659 3818
903 400
2369 3244
3544 2124
3887 4774
1318 4870
2037 1409
3428 1623
2714 2955
192 1650
4156 2814
3542 4423
685 2588
4164 3318
3563 4780
3807 4095
4076 3644
1798 3118
1135 2900
1342 3775
94 1258
1112 3109
1447 4488
3143 283
2514 1028
1359 2891
626 1597
4562 4158
64 94
160 492
1045 3983
567 3642
2496 4384
4890 818
366 4379
4697 875
3421 4986
1221 2998
4894 2895
1973 4963
1155 3995
2779 1195
2157 636
1269 1439
4650 3817
4470 2274
2709 4933
4464 3680
2311 2046
74 3787
94 3885
4477 4115
3434 840
4754 1066
4847 2031
2591 94
4756 1060
557 2733
4456 4417
539 3047
2561 4292
94 247
4972 1385
4112 94
2138 2794
105 2837
1763 949
4255 94
537 3975
2388 94
2546 1352
2306 2862
2264 4383
4570 115
1988 2535
3993 3745
3604 631
4994 974
3536 1751
613 4786
1093 789
2595 536
94 4108
3444 1659
4461 3022
94 4099
3416 760
359 847
4368 3574
4939 4111
4029 1470
212 3313
679 3336
4471 2455
4842 3813
2650 1571
4101 4722
1224 3996
2348 4842
1739 294
4910 735
1246 4181
2524 2581
256 3163
94 3893
2876 2718
4769 200
94 4463
781 2777
629 1976
2001 4982
3715 3073
1914 4098
3646 2008
4037 689
392 3556
455 94
3529 4007
1103 451
94 1251
1402 4122
705 4968
2736 4581
2232 1661
1862 3834
2705 1462
2920 760
573 139
1569 1961
2809 2087
94 4397
351 2435
1362 1099
1915 4605
4129 3172
1525 877
94 4515
221 3213
4441 523
94 535
3712 2986
3687 833
1724 3698
4714 3327
702 3183
2317 3404
3532 3048
1504 2178
4259 3125
1034 2781
3543 2954
94 3880
254 236
3248 4828
1186 4685
3738 112
3157 2257
3207 4257
3888 3878
3170 1771
724 3791
4480 2499
4487 3921
1899 2624
957 647
2895 1999
187 4351
2845 2963
3480 3408
1105 3366
4178 520
4432 4361
4453 2693
2470 1620
1322 4710
1069 2234
4390 3551
3925 3370
4782 1099
2615 2969
94 3665
4278 1429
2383 1374
4665 1512
94 1146
1468 3146
4385 4392
890 2126
774 1799
195 1967
2497 1948
140 2251
94 4447
1311 2077
3465 2251
1634 1126
511 73
4058 4486
1672 2301
379 2838
2260 2277
2934 2594
3700 2156
3877 1386
4337 75
18 475
3234 94
3737 3784
1576 3977
3203 4859
1031 215
2150 1309
3131 2348
1650 3295
834 4651
929 1708
3851 4505
3503 2372
94 332
4728 79
2767 676
4927 2754
176 1202
1616 3821
1510 2825
1246 4263
150 102
471 297
1730 1062
1174 1815
94 4393
673 538
85 94
1203 911
1000 2204
578 2599
112 1195
752 444
1152 2997
115 2811
599 3905
3101 2807
1925 3107
372 3480
2571 1863
3990 4683
4747 4694
138 94
108 936
3529 1375
3695 4436
2958 4183
1310 2611
704 2817
3414 4921
2472 1808
2168 1999
271 72
1315 2074
3897 2885
3183 594
4211 1981
2551 4516
1096 94
4966 163
699 1742
131 1810
1967 924
4649 2631
266 4554
2127 1613
4567 848
3494 2114
1771 1978
4831 2905
879 1983
2375 810
3097 1292
4402 2833
1445 4743
3877 4773
4959 4640
837 4308
1253 796
1797 1913
233 4310
958 94
4999 634
36 2431
2047 1972
1216 1141
3635 3163
1935 94
1587 1702
4377 3239
2665 4330
717 1454
201 1837
2608 2627
2247 288
1639 3424
4796 4418
4119 3003
703 3041
1814 1895
87 328
601 466
4214 4398
186 2783
459 2020
606 2454
2049 3676
190 94
1875 3053
3269 2643
1059 1633
3143 3350
19 94
3536 3432
1217 3808
4517 4536
461 756
4173 4242
1198 1737
292 1511
2527 130
4006 1912
4489 3807
4939 3322
4114 2200
417 39
3872 94
94 3622
4232 3110
620 3738
4305 3007
2641 4110
2121 3282
3694 4504
4452 3697
401 1083
2743 3141
2347 2029
1029 395
3502 4975
2597 4715
2726 4858
1671 94
3346 2051
2846 4639
3208 2660
3830 771
3134 2379
2024 142
1864 94
1614 3616
3247 2491
378 2111
94 4224
1984 510
551 2461
3857 94
3326 3297
4998 3772
2727 2535
3966 43
2188 4046
2539 94
2051 1298
94 4143
1256 716
3931 1965
1075 386
854 694
3926 484
4438 4614
1433 331
3116 3297
2155 4457
4753 1130
3967 94
2203 17
3191 4885
965 3179
2412 1629
1745 888
653 94
2094 94
3466 1142
6 3188
4821 94
3167 2817
3158 1760
4398 395
4612 3538
88 2595
3605 410
94 783
2615 335
11 3508
3997 3519
231 2770
1982 3158
4762 1428
94 2350
94 3152
2873 4872
553 2905
2278 1338
267 94
813 2275
4168 3691
94 2075
3678 3022
3514 3459
442 3705
2830 4378
4170 3025
4826 3496
2891 2128
4032 967
4456 2773
1246 159
4666 3852
2352 4325
4489 4864
1711 3849
1410 2893
303 94
4586 4702
1699 1253
1457 2562
4804 930
442 66
2101 372
3354 1153
2778 94
4943 2218
524 1972
2637 1156
4567 1869
4442 340
2245 4394
1502 2489
3753 3108
3153 2672
2540 3109
3013 1190
3425 2647
2006 1460
4212 4434
249 3650
3489 1017
3240 1863
1575 1460
195 1109
1363 1911
3142 796
845 3117
802 4198
3906 4250
3108 1538
2888 4787
94 4396
206 2407
3034 94
2715 2241
4081 1365
660 2161
2871 94
491 31
3914 2034
3037 4237
2912 1643
422 4153
4388 3517
4541 3442
4258 94
2344 3221
1993 1149
2110 39
94 3561
3340 2581
1977 1646
3997 2809
2344 397
4012 3999
3017 3615
2580 642
1103 2689
1724 4742
4125 308
3377 3761
473 624
2319 1799
4998 1415
1271 3334
1162 1067
4615 3124
3587 1955
1454 1139
2399 3444
649 2973
1259 791
526 844
1254 937
3244 1839
2011 2859
1140 766
94 2749
1872 3130
1425 3600
3723 1487
1243 1923
3889 346
3591 1086
575 2152
3606 94
4746 432
1247 4874
94 956
1325 1611
3626 1688
3961 350
2836 2053
1025 772
1874 4884
1576 4753
4126 1684
1053 4340
4740 502
1094 3038
2184 4917
327 678
3231 2609
2166 94
3647 4896
3037 479
1611 1725
4897 4565
2847 2391
399 2238
1784 2676
775 3611
4083 3148
1307 2463
3742 94
3190 2916
2253 661
2471 2345
1757 938
3942 94
825 1492
4459 4172
3310 94
2065 298
2314 739
751 3947
1045 2519
2725 3673
2083 2563
3768 1849
3222 1472
1369 4749
3819 1744
2352 1540
3668 3716
2888 1515
673 3633
4667 246
2950 2114
1034 670
3495 1653
1201 555
2713 94
4221 2244
2596 1284
3810 793
1421 2899
2413 4283
2796 562
4963 2189
1585 2750
94 1871
841 3562
16 1019
2492 1402
4064 879
4487 4050
4810 1387
3772 1420
4721 4487
3861 3683
899 3795
2736 2205
94 2976
4662 3139
1187 2985
1667 2620
1645 3406
1150 2567
2515 3734
1854 3349
641 4794
2464 292
1280 4614
3971 3688
3588 1880
2304 205
4547 548
1830 1814
1740 3085
1764 3237
1297 94
4801 2092
2661 408
3711 4223
2134 1772
3321 1931
1820 4701
1473 668
4051 140
4056 2033
2523 3745
253 354
680 2014
2652 3304
2551 4875
735 3162
1092 95
4853 4941
3784 1627
1996 460
3414 4334
4537 4692
4386 94
1603 494
2504 1549
3346 2897
197 1353
3305 2167
1116 3438
1148 3001
1008 4671
2769 873
2704 815
9 3729
1832 94
1304 2795
2622 628
1407 375
2809 3974
1200 1850
318 391
96 4771
4375 94
3150 1098
3766 1290
94 4508
3468 2077
902 4347
887 3377
2887 648
4281 4087
3981 1208
4679 4619
2848 1624
4588 1392
765 581
790 2626
3039 2198
4824 1909
1988 931
3159 1617
4545 94
1143 3821
4512 4626
839 4306
995 4317
3530 1551
1657 4989
706 94
998 2977
2782 2910
1026 1798
436 2361
4834 3153
3647 2300
1105 1744
2355 2394
927 4167
166 4770
2850 94
1845 2153
2115 538
1630 94
2216 924
4385 2186
3762 2852
4574 778
916 484
1547 1673
554 1477
3596 2483
920 789
1009 4761
2668 3735
1793 166
169 626
2297 3920
4303 2521
3509 4785
2067 3989
2453 2644
2897 3844
2652 4729
2187 2936
268 4301
3212 1466
94 1968
4637 3187
1047 864
2022 2876
1784 3042
655 2747
1182 752
94 3279
1909 2444
3686 1332
468 2912
2400 4454
3315 795
94 4338
257 862
1268 1381
40 4732
2894 340
3292 94
2561 3813
1280 3122
94 2148
2929 231
1586 2436
2235 4094
990 4450
2066 116
1533 1581
94 38
2208 3291
4594 799
2191 634
4056 1110
2636 1622
1271 4186
1830 3776
94 2387
4628 47
4100 4125
335 2858
4498 3692
1174 3311
3290 4284
4247 1586
867 3334
4055 2086
3997 4163
2375 390
596 193
94 2663
1770 2821
3778 2091
94 4020
4846 94
2444 167
1296 2633
1168 2193
4906 4778
2853 1394
4755 763
2775 787
2722 1498
1176 2413
3991 3422
1703 4998
1088 4798
865 515
638 4787
2808 1730
94 177
2524 2005
3401 3870
3803 2373
1750 1389
1995 444
1118 2249
4332 2095
4958 3212
241 94
3302 3088
3064 1008
4344 1607
94 3166
2602 670
2557 4296
4700 1795
2099 80
4699 211
748 226
2882 94
2252 4794
1866 1525
1842 3956
3837 2312
3192 3963
2439 900
4691 860
4467 4674
2430 4199
1851 567
94 4751
3163 888
1636 917
4868 2117
2026 1030
4483 4772
3831 3141
94 503
115 873
4772 529
3520 4166
3909 2413
967 1939
4467 4783
4204 94
748 2662
2830 2733
740 2491
306 145
4893 712
4948 1247
1782 2693
94 1165
4534 1238
953 1398
3451 3055
4370 4382
500 1449
3879 734
2605 401
3124 721
4652 2170
4337 3460
1252 3945
2508 1033
468 4230
2048 211
3990 4800
4440 2532
57 3552
1984 1903
4401 287
2990 4810
4029 3091
3564 2363
1163 774
2691 1553
1821 2382
2692 4484
659 770
4804 4611
2428 1040
3438 1319
2835 3049
817 4678
4914 262
2037 3576
4845 94
4357 866
1442 1809
14 2270
2481 94
2707 2409
3250 1817
1299 682
1085 1707
3126 2459
1170 155
876 1650
1553 1289
4506 1562
672 3550
4755 635
3772 2265
2617 2342
3003 3268
4924 722
189 733
951 3969
1724 1081
3964 3689
3026 4843
1779 1354
2859 283
4581 1736
677 1495
1127 1224
419 3408
1728 578
4929 3309
3524 2021
1219 2154
275 2941
2698 3658
1500 2472
4454 3886
3071 94
641 4888
980 1401
1444 1611
4817 761
3021 94
891 2728
745 94
2362 94
700 2573
3980 1409
1723 1323
3653 94
1375 2827
3990 1597
1886 3582
2620 374
1897 1945
2645 1791
40 1653
2444 1714
4024 4557
3423 4406
3753 4913
2129 2634
2098 261
1283 2550
3126 4356
1575 3756
3022 2412
2786 4146
1321 2080
4798 1032
1429 3915
240 3104
94 4629
1157 2985
3887 4738
793 405
4981 314
972 3982
4402 4981
954 2925
4732 2226
1666 4390
2959 1407
654 1799
390 1792
1193 559
3308 903
624 26
4868 2998
2369 4621
4395 1595
2191 1534
2623 101
1990 968
3784 143
1761 3411
1889 3854
1037 3269
3319 509
7 1745
2639 328
3946 2876
2578 4725
4598 1758
2729 719
1631 179
4019 94
558 188
3607 2517
2467 2049
2805 4934
4714 1794
3583 3488
1220 2216
2712 94
4145 854
2766 2645
1682 2414
1209 1205
2070 765
944 3854
2799 3156
1049 1865
4265 4513
3019 1687
3046 631
4398 1228
4949 1626
139 4363
94 293
826 4538
1876 4557
4230 1371
2060 4582
2787 4577
2036 3281
2824 4209
721 4917
648 2305
1286 2844
615 2779
3197 3864
258 4794
2552 1398
1812 1596
703 2979
1475 4631
2360 2105
3531 3228
4996 94
4716 4288
388 4949
94 2486
2887 4647
3642 2558
2300 1852
2545 1621
1710 3182
579 1701
1252 4419
206 43
2776 2412
493 1910
1073 4672
541 4199
2192 1324
2213 3267
3898 4886
1726 4289
4491 4714
1613 4905
1461 3105
1415 4680
3207 4591
3278 2803
94 1115
4861 1638
1662 94
447 2770
348 3585
1622 2689
4519 3299
4043 3853
4593 4664
2516 1442
3884 3613
33 3137
2626 4082
4628 2089
809 2109
2182 1178
4124 1890
3377 3827
4190 2928
2116 524
4061 1398
2758 158
4944 2978
94 1327
1343 1826
2674 980
1093 1722
2174 3253
1185 1006
1647 2385
135 3904
1068 2594
549 3308
1865 1909
4603 1230
3608 94
531 3544
2532 124
3812 2546
3196 4203
3174 4572
2509 94
4553 3862
94 2582
2989 2845
4743 2945
4140 2835
2782 2977
2177 4999
558 805
3453 4950
1589 2221
4459 467
4278 4806
2801 4683
3784 174
4897 3760
3375 786
406 1835
94 1356
2405 3208
4891 41
4132 4478
94 4698
3376 343
3055 3750
782 700
2365 4400
4816 4062
4614 390
960 723
94 1261
2879 4249
3405 160
3578 4992
4922 1206
2940 2733
892 4384
1277 713
2132 2115
2697 3198
4485 336
2032 1239
336 3047
593 1094
4138 1962
3639 3896
1983 1973
2235 2701
1539 3800
4553 4005
1081 211
2399 2003
3053 1183
2922 68
3803 1241
4519 4593
3320 2315
848 2656
2013 487
4473 3876
4404 1276
2800 3831
4254 3563
1819 4274
3991 846
1378 152
1944 3129
1905 397
3236 165
2315 543
4612 1306
3775 3331
588 94
94 3684
2352 3786
2918 4945
518 4915
970 1204
48 3110
753 2090
1760 1691
2828 1191
4908 1042
1819 215
4929 2377
3203 822
504 1306
430 1885
321 1094
1962 3618
684 4923
4153 313
1341 1919
1089 1159
3882 94
2072 2490
996 4131
2437 3611
94 4443
2105 3132
1205 750
252 3268
1862 296
1 2193
4573 3433
447 1051
3275 1138
94 4549
876 3461
431 1147
989 2796
4234 94
94 1803
3103 438
4791 1969
1270 3849
4983 1595
4231 2252
2931 1090
4280 176
4412 2181
4470 2144
2180 1659
2013 4935
1038 409
2529 916
1529 1599
3080 4239
1100 2324
681 242
1921 1493
1884 94
3190 3123
1582 94
4794 914
94 816
2281 3411
1829 4719
4384 76
925 575
3907 2435
2218 1827
4592 94
4273 4403
4989 1471
3107 1055
2316 3409
4999 1811
4381 94
3165 1817
2422 3902
3247 4953
839 2981
2959 1052
2123 1225
1233 43
4309 4022
1663 3578
4336 3848
3787 4024
1330 3506
2613 2600
885 2623
1556 2084
2474 4117
1706 2511
2397 458
2007 1361
2727 132
4452 2757
388 4538
94 3464
3386 3434
3658 4729
3987 2185
1029 4152
3697 4511
304 94
4568 1381
94 3537
751 4276
883 4710
4670 1493
1941 1899
1637 1849
1283 4608
1487 4211
4713 791
3581 2746
3951 94
4494 94
1457 573
3349 1138
2364 186
1285 4584
4704 4445
2140 4355
1071 3948
3692 2670
3779 603
2796 857
315 2679
3126 2807
1391 2512
2385 3648
3591 2568
2730 2878
1148 3225
1540 1358
928 1974
3759 3320
1372 4060
817 4888
94 3798
2236 4422
1224 3629
180 4514
4863 1732
4323 1655
1498 4807
658 2430
2292 832
1894 1490
3984 94
4086 4502
3037 3255
4626 1937
1679 4855
2275 874
94 3657
1263 4196
3073 1586
8 2785
4427 3863
1357 94
2762 897
1288 980
4596 2899
2015 4219
952 4368
4013 2500
307 4952
1939 4091
1460 2284
133 403
1368 2298
2066 1512
2436 2369
2431 2358
2562 366
1728 4423
2915 371
4096 94
2493 2840
1550 3876
2872 4733
2679 4169
20 3855
4048 3708
3067 2521
1050 4953
539 101
94 4066
3450 3387
590 4133
94 941
1881 2040
3435 219
2357 3503
940 772
1733 94
818 3580
975 3911
2790 2175
4960 2040
1161 94
2499 3448
94 2097
2684 517
796 3402
4076 990
196 4196
2390 502
490 3121
4376 2440
4448 2830
1169 3621
94 632
4222 94
1622 2587
3526 3965
3615 1416
2699 1949
3512 94
1716 3469
546 2478
4989 4932
489 2032
4082 4000
3145 2642
94 2659
1194 1899
4239 1537
1136 2776
4207 94
1705 2797
2675 94
4060 4064
3992 2155
886 3664
4114 1377
917 1557
3366 3277
94 2162
3294 1178
4028 1010
1989 94
1664 4841
1790 4732
94 3393
4894 1895
3574 4415
1245 1991
2780 4379
2946 4365
3706 774
327 909
3188 4378
4750 2002
1107 3195
2213 2538
4652 743
2219 94
1713 4891
2278 3392
1780 479
1726 4734
4566 94
1476 897
2082 638
1860 4410
2024 4978
2643 2233
3765 933
2393 172
2957 4911
94 3095
2199 684
1530 145
4999 682
4348 1281
2946 1406
561 494
2089 2114
189 3358
1317 2227
4994 987
443 4296
726 1210
2884 37
1602 605
1743 4661
4578 2935
2524 2889
94 889
3965 365
4117 2507
3084 2277
4768 2934
3324 543
222 232
3082 4130
4124 1949
3414 827
4218 4513
1341 3454
843 2179
2649 4287
3139 3650
237 2848
4538 3867
71 2654
94 4371
3867 1694
3569 4850
1873 1407
1666 1402
1072 1085
94 4518
1531 4102
991 4211
349 3919
660 3602
3272 2318
2391 831
4665 543
3114 875
3896 1699
617 4516
208 4187
312 1276
2917 2625
2560 1443
2123 1299
4241 4486
110 2588
2325 3757
94 3868
2028 94
2415 2474
4678 2957
1911 1390
4576 1501
768 4405
1961 4620
611 2076
2711 2964
3508 4399
3185 2056
4603 243
3980 3530
4537 1462
3821 4676
4137 2968
2039 2611
94 4889
1728 3620
3476 4203
523 484
1859 905
4881 4599
14 4677
1880 2372
2230 199
2074 2691
2034 2955
4301 1698
1795 1519
555 3782
1411 94
3156 2327
1252 324
2770 1442
2156 2061
4727 65
433 1078
3638 1332
791 2382
4275 1015
182 2134
2082 516
2962 2453
3565 94
94 1522
892 4968
97 4997
3666 40
4983 1306
591 2973
2875 4071
2678 778
4693 4152
2427 435
2098 3922
3577 1226
4615 1222
2179 4241
2360 2404
2617 741
3646 3514
4714 2222
1476 2137
2005 3001
1570 94
1385 2279
1150 1867
3295 2012
4193 404
1317 4488
756 2485
1331 2707
2308 2655
3858 2573
1269 741
2722 2487
4176 2395
3916 1689
1336 4620
4151 3343
2192 1648
3601 4432
4454 2221
4379 4474
2116 1451
3574 747
361 1312
4187 960
3373 4684
1116 1281
2460 94
1874 1255
832 4561
1025 1588
2951 3116
2031 4969
3936 2259
482 3573
451 4202
1712 1930
2080 3174
3567 4010
3518 1213
1053 1140
4473 3560
582 1199
758 1264
3901 2478
3411 4320
1797 111
715 4333
4966 2120
3348 906
2149 94
4453 1320
2522 907
1172 1679
460 3215
4343 913
2294 888
1852 3570
1175 2522
1718 94
2774 861
3519 3449
4647 2717
2963 3770
1568 1143
2899 218
94 2607
4274 2974
814 1122
156 1400
3113 2183
65 25
3793 3205
3814 4153
2198 2981
2157 912
2575 4368
2252 1036
3540 94
2875 2741
1353 3252
911 2082
4501 3874
149 4253
2543 3455
1765 3099
1262 3957
4727 146
977 3381
2165 4748
2928 869
1464 4362
1046 94
2879 3361
94 3747
725 4717
904 4
142 1922
4644 2731
1741 3469
3282 4290
337 4137
2446 4212
4142 3780
2450 1061
4922 1372
4353 4477
1047 3649
3036 938
4618 3253
404 2667
3106 1689
226 2377
3823 94
2355 2316
48 4286
2179 1506
3461 3850
3091 3905
1948 1363
94 3431
2738 589
3940 94
4651 3633
1807 1786
3851 2946
360 1210
221 3629
2383 1636
4015 67
929 4142
381 851
4982 4135
1947 1043
4985 4291
4265 2820
4980 530
4302 1169
2262 284
4158 2295
505 3770
4686 2777
1742 2947
1119 3841
1677 2535
94 1957
1551 4722
1818 4599
3658 3729
4971 3670
58 3875
94 4360
183 94
1686 2918
4574 718
4491 719
898 2927
560 94
4070 3148
4509 2201
963 94
4781 4705
2013 4730
4601 1923
4660 1614
306 3192
1824 94
3636 1930
2980 2293
204 3830
2653 3313
4543 1669
3235 3740
4345 4074
29 2136
2575 3444
1843 3316
2617 3173
94 1405
2791 94
1026 1946
3265 3333
2746 4117
550 2380
4587 369
3636 1302
2083 4517
4795 94
3251 690
571 94
4380 94
1364 336
488 4053
3088 927
2762 1592
4184 4323
814 3096
67 3677
1644 94
1233 4617
2041 94
3899 3541
689 2555
4991 4808
870 2967
94 3592
2645 3380
2566 3560
3353 202
94 4546
1954 1257
2877 2950
4029 1886
4446 97
1184 2477
1077 94
2921 94
134 1426
3703 954
3777 461
4012 4113
1720 2484
515 2196
2367 475
1947 4930
638 3780
2019 217
2428 2058
2211 1802
4262 961
1916 106
727 3470
2421 533
834 3471
3006 1565
428 971
3904 592
852 3435
4276 2854
2110 773
675 164
668 3724
1735 1835
4133 2200
1692 1885
857 749
1391 564
94 4812
94 191
4657 4124
4552 2021
3138 4855
4027 3216
4060 416
952 756
2070 795
1584 94
4528 4784
2924 4161
2516 970
1609 673
3854 3525
2022 2583
965 3068
3404 118
4128 109
450 2159
4921 3333
1848 2504
94 2926
1804 806
2093 3171
3239 1353
2227 3852
1426 4305
363 70
94 4879
1524 269
782 1577
1136 2410
2652 3215
185 4363
1263 3290
2815 94
1131 1107
1134 3845
2995 1273
2538 1244
3799 2382
3992 2124
2310 3134
862 3975
1701 1580
61 1902
2153 1063
3221 4319
837 4933
1521 1317
1506 2456
2681 2290
738 3971
4118 2056
2447 1899
1518 1352
3471 3811
1414 2905
2841 3162
3647 4851
3564 4372
163 4683
1047 4547
579 547
3391 1830
1617 4279
4164 145
3018 4271
4100 2010
688 94
4883 3311
1869 3029
4803 2223
443 3115
1234 2966
3517 2377
2221 440
2732 4718
1352 1392
1675 696
4294 2755
3424 360
1209 4121
4402 512
4192 264
4883 501
1130 2169
24 1851
2035 4214
4816 3417
1424 1537
2651 3982
4300 1151
1523 94
329 2128
3317 94
3331 2399
3186 3491
4287 4297
3779 569
2593 2759
2088 4977
430 3727
3002 113
3630 884
1879 3906
662 3351
3682 3595
4048 1777
2240 4792
945 549
2285 2655
4960 1418
3558 1333
1313 1981
2190 603
320 585
3819 478
2961 807
2398 341
263 2146
2742 94
51 1440
252 2416
717 2079
4286 154
3094 94
2584 4568
3518 1100
709 4683
3451 3957
2531 3115
1095 1291
2112 2616
4312 94
2496 1134
94 1958
1858 3773
94 1160
906 4559
3299 757
1340 3323
2684 1528
3036 2829
633 1933
1355 1274
4590 4317
4270 4559
4416 3385
94 1413
4160 1249
159 4206
753 3031
4810 2637
2763 3357
1651 131
4862 2172
4532 4760
4861 3944
1226 2133
2416 2914
3618 1818
3463 2359
4760 2868
3757 4015
2356 737
3705 915
3903 1922
4550 4464
4504 1294
846 3669
2759 2200
2994 3711
4991 1221
4873 4049
689 4327
4643 3707
4024 4474
94 3805
2102 1480
1736 4144
94 2669
993 3283
243 2263
3563 4036
4760 4878
94 3070
2547 847
1329 94
3326 1534
1075 4895
1843 1145
3285 3105
264 54
1825 94
598 4696
2177 1667
764 1384
2586 839
3794 4562
3695 1122
1414 1778
1178 4965
928 4374
1932 858
2634 4230
4742 4197
311 645
2259 2052
4960 1200
2931 4455
2789 4270
2934 806
3866 4950
2469 122
4870 1226
4420 323
2489 1554
3192 4524
4789 983
3865 3417
3998 2662
415 1911
1334 1182
3196 3723
1286 1932
3921 2720
2970 4195
1696 94
1555 94
2484 4833
2854 374
282 2991
94 4690
2837 4752
4897 2842
1137 4170
3572 374
964 1767
4536 993
2856 4848
4219 3098
94 785
94 4818
3111 883
983 671
2988 4695
468 1692
2341 1210
3832 2266
2390 1552
1378 453
3703 1520
3641 3352
2682 4854
94 621
2269 1395
2618 400
596 2700
3015 2033
3838 1556
971 4347
4281 2334
2775 1648
3260 3419
4911 2277
4120 3595
1813 2602
968 4082
1847 3299
2617 3566
3709 94
2635 1574
3181 3867
3666 2385
94 3924
2819 1226
3119 4681
2078 94
2984 4825
3938 523
1777 3069
3403 2633
2836 1483
3355 3126
863 4482
563 2542
2224 3219
394 94
2848 4318
3890 94
1260 3932
1685 285
2590 3109
2176 1389
1856 3895
2473 3524
1396 981
4156 2739
4759 1066
4557 2528
3954 2196
1816 4470
3643 94
2132 2720
3112 2529
3867 2261
4526 1000
928 230
4761 3527
2287 2865
1846 3013
1660 572
1494 1134
1751 1288
1517 3118
851 1721
2432 4605
4317 1349
4914 70
4485 550
424 923
3180 822
1764 3330
210 37
3395 4975
2186 3487
3645 3828
2229 2060
1676 3508
683 3048
2722 4479
3438 2228
238 1938
2218 666
4077 94
4428 2139
4840 1
2726 3680
3783 4909
3497 94
1805 1726
896 2044
3190 2039
284 2038
3701 4262
2147 3504
4976 496
3457 226
36 3375
2160 1049
94 2479
3241 1858
352 4146
4627 94
1859 1196
3210 3577
2255 4296
1601 1632
3440 1660
3100 4803
2841 3553
1382 94
160 2113
1882 354
4442 2007
373 3227
163 3284
1455 1330
2370 3383
1033 2431
3757 3352
2532 3350
2520 94
250 2225
94 3933
3345 4109
3096 3948
3573 4903
1488 4860
2144 2616
1479 3257
3964 1826
4198 544
4850 3910
4097 2065
1344 2423
3712 1347
856 3972
994 73
3467 94
130 1966
3770 3401
2215 1819
1458 1436
4607 697
4192 3953
3319 1923
2104 4691
202 1192
590 3837
2983 2046
94 1027
3557 3760
4899 1156
94 2322
1667 3668
4208 3558
3231 146
1786 317
3535 1039
1919 3392
3147 2631
2561 841
1911 1084
1986 2599
2909 4435
1406 1600
4604 2161
1755 3128
3232 522
919 624
2323 2654
2661 922
4706 4688
1139 4533
1510 2864
1112 2246
22 3362
1748 2114
94 4630
525 2269
4003 94
3337 3723
2295 2706
932 2295
307 1009
1215 1304
4499 838
94 4936
4604 4709
3261 4650
4725 18
587 2677
1001 5000
2457 94
3687 1499
4129 1931
1559 1293
1853 3331
871 1587
3097 2883
4836 5000
1691 3223
3719 4313
3229 1384
3121 201
1758 2415
3171 1748
2133 2824
12 3654
951 4918
2136 2282
205 3689
3522 2628
3078 639
1946 1178
2262 901
3792 3267
2688 4778
4912 1970
3888 3460
94 4638
209 3796
2037 4254
1274 1563
639 2615
100 4573
3098 4646
4266 162
1855 600
4878 2853
1296 361
2220 2360
2130 2707
1681 94
335 277
2295 4976
1201 1204
4227 4306
4293 4530
2111 3520
103 4643
3670 2757
714 4836
4589 212
4329 3087
969 836
2565 4337
1048 3912
4916 1052
972 1265
2535 3631
1949 4139
575 4421
1626 4850
240 2706
440 4962
3647 126
3623 2860
1293 425
2451 2099
94 3846
4412 690
4564 979
1795 3272
1470 4026
562 3734
2518 2656
2744 3301
1616 3557
94 1548
2935 1858
1188 2471
4523 498
476 3019
94 462
681 4735
472 3832
810 1773
4835 4303
3562 4656
1443 4259
1615 10
94 272
741 3113
2717 4979
1466 2664
2043 2918
3957 821
715 3270
1878 3778
602 94
562 903
3856 2060
4346 2389
4739 336
3117 3950
4858 625
94 4162
4571 2236
492 1186
382 1828
2589 4480
4292 3989
1851 4886
94 3199
464 752
4451 2908
2543 2701
469 94
988 2774
2638 3780
1309 1158
4563 614
94 3289
2604 4658
2159 3233
575 2805
3005 4631
2748 4070
1936 1216
3663 522
3597 618
1559 4279
4681 4813
37 3732
4155 4955
4034 974
1747 94
3851 665
3920 1779
130 2175
15 3188
2862 694
4765 3484
1217 964
3568 2986
1180 2331
4586 1685
1049 4271
3931 2164
642 4285
4874 4353
630 1159
4983 4023
2213 3176
3509 886
4481 526
4583 3556
4245 3280
4919 3073
2452 2692
1150 2103
4106 4731
4748 2435
3821 4405
70 720
2349 1074
1099 4556
1798 2424
3085 2858
2072 807
1675 1054
1545 342
4696 407
583 1032
1484 2378
1395 49
4703 3759
1485 3474
3941 1631
4828 1796
1277 1020
1943 94
3590 4916
2480 94
576 94
2863 3960
2194 59
3508 1044
2975 94
3491 4573
3768 3161
1095 141
4799 299
2927 1611
765 340
1510 2945
2847 511
263 601
2095 1054
819 3099
4684 3498
197 4354
89 1266
232 4585
1345 1095
387 2154
2695 3379
3804 2951
4201 3144
4869 1695
290 4862
4641 2272
416 1974
2771 2664
94 918
2017 3107
94 2475
797 1119
3920 4739
3379 346
1840 94
94 4042
1705 730
4011 1901
1048 4648
3667 345
224 94
94 63
3306 4735
121 2726
3398 3691
707 3971
4649 2435
254 2578
4880 1403
1850 1188
3482 94
4457 1559
4254 3394
2220 3500
3690 1947
1760 2339
2662 1048
3521 193
4689 1125
642 3801
2290 806
3535 3213
4991 2698
2552 2138
94 274
1695 616
2302 561
592 2490
3726 4591
4916 1376
3589 3307
4377 315
445 3127
1166 4761
1170 1070
2700 4332
3686 346
365 3429
495 1369
152 2766
383 3554
966 558
4797 4218
3751 2550
3891 2054
1278 3360
880 393
2572 3813
2172 1741
276 3384
904 180
2939 1409
273 4389
4260 4121
599 1627
448 67
94 23
2096 4322
1345 4105
4534 1855
4570 1700
3202 4188
894 84
423 94
1566 2849
731 1926
4148 1668
3765 2378
3165 3813
2089 1458
2802 1408
1418 4173
1494 4283
1904 1952
1372 2020
3409 910
94 784
935 81
4440 2275
4939 1170
1102 2397
2907 3304
2908 2866
3609 3329
94 612
4498 3203
3019 595
3850 644
3767 94
3343 1568
3307 826
2640 1354
3522 2267
94 2721
768 1014
472 521
4610 94
94 1513
4776 1675
3726 2088
4357 935
1731 2604
248 3605
1093 4719
1268 2672
1648 3594
3810 4311
