100 100
483577058 246067587
652144783 672146923 230543180 256810769 942963307 162355760 300641098 127998668 136259181 446119371 112413975 11212431 37278652 970390171 388234743 931443758 152976806 520271892 15194972 303144771 552385795 920044463 791892500 768273455 285239989 158137200 162615191 653470424 325499289 57838722 430725878 640519786 260175212 406811645 845935171 38955992 935983002 827595570 228125426 984852436 583837216 526412672 350270384 62431523 167117564 699198727 353482956 269331555 148876446 746915016 462485608 781950782 833871901 385496577 718407231 120590695 532268930 679885969 90981160 381497513 2352303 230747876 577688508 156461280 140542276 56528142 126018682 590277487 804957799 124606722 52175191 508570344 888665029 862614630 600028839 780989473 226176278 139760543 197315667 263052788 471316823 307729251 244083773 920979724 190759440 651520794 979274542 563727772 162743567 310197873 553031948 471389083 119924029 163046493 195187258 259424414 270507646 209793857 969908390 124588977
3 57 3728525
1 223544317
3 83 429466380
1 470062681
1 871310069
3 40 902024344
1 971596444
3 55 302432935
3 77 775538435
1 471888039
1 286165925
1 130658335
3 57 922012090
3 77 266811649
3 69 302821940
3 18 269091314
3 45 816390651
1 90657314
3 92 615160217
3 9 16826364
3 3 779797382
3 7 238767960
3 7 425607540
1 661012258
3 57 785795653
1 87962579
1 753271771
1 520080787
1 847127756
3 40 789334251
1 354469906
1 227406781
3 55 838713138
3 43 978722171
1 663589172
3 45 680432401
1 101455248
1 976191133
3 17 287917012
1 108657429
3 41 450509860
3 69 211089940
1 526526160
3 16 440085130
1 213601759
3 35 609810031
1 148151292
1 740469547
3 42 85024152
1 923728232
1 598533229
1 644477354
3 44 873137359
3 9 409203258
1 625149156
1 226474819
3 77 454230337
1 44215128
1 565063296
1 589706499
1 680364073
3 35 819081594
1 943487357
1 93515535
1 651387988
3 48 589768187
3 13 22816674
1 811274092
3 91 748361089
1 480667099
3 19 546834406
1 534709794
3 35 638446508
3 94 154986264
1 437881827
3 15 537041228
1 761478824
1 840563850
1 400207871
1 117166747
1 261332854
3 82 275580842
3 81 583549402
1 189935291
3 81 410995841
3 40 348833126
3 88 82157835
1 428134723
3 38 57094219
1 790898420
1 148576641
1 138137055
1 807300965
1 983014627
3 20 327818608
1 684193172
3 36 258891978
3 34 545939442
1 650288113
1 834851298
