100 100
590965004 771147626
386172499 157383652 286999398 726141777 301242745 950619359 38650047 525041211 135122794 237300561 128579399 767224516 428662508 910195597 907247276 36667452 22953323 940831056 849155332 866132309 60966514 557793118 35745064 102189143 9532865 508077979 123103459 828489282 341901453 68271979 245123319 360506003 47636626 842280480 3743527 792707525 367812373 69816476 648039083 986710929 425605134 160969976 604900912 882965408 286491689 942639223 946111960 525194802 712738417 900676308 274400806 187598629 131470716 501031218 13651982 250458836 669995154 203821120 173668892 293730656 953816227 239899030 266904650 874413577 229879556 948573907 832331253 960654972 465604741 717243264 429495378 182566677 915219356 867735629 297197534 808029242 95462453 597715056 715432924 874526279 392112785 96417883 394065633 721171091 506723359 981107397 716039714 819858607 276336397 843358726 645753359 337998984 371546850 415857273 905371687 398164952 633131886 177352951 915539841 708592001
1 145637198
2 496890427
2 969061385
2 818659262
2 867956858
2 484855538
3 66 209910438
1 330111721
3 50 413178645
3 67 454705981
2 497624319
3 60 953564918
3 43 260786951
2 344190302
2 432086174
2 914106528
1 266471457
3 100 996467261
1 783032303
1 244591780
3 72 951494335
1 357711646
3 50 75708463
2 27142357
1 91149465
2 260975985
1 133503452
1 577764417
2 40067177
3 81 649395611
3 82 106862202
2 481720959
1 291536416
2 809621920
3 82 271052585
1 529118223
2 762914694
2 50972316
1 688661675
2 193547853
3 9 479111913
2 663144182
1 230899222
1 119956431
3 3 378182438
2 993744944
1 912302469
1 513149726
3 83 961519978
3 80 353615922
2 419258268
1 502883553
1 273658471
3 62 658236742
1 356399461
2 589409465
1 970778135
2 993534101
2 93280044
3 93 151918507
1 709051403
3 50 654603167
1 14303417
2 621936739
2 252885551
3 46 17648070
3 59 81579609
2 159443934
1 342483953
2 147205775
1 726577940
1 371929814
1 231975903
3 19 913200608
1 972112888
1 995363146
3 89 193764351
3 54 337531767
2 240955650
2 647239907
2 114317703
1 850916003
2 305444444
2 375147284
2 217962670
1 537487468
3 57 576187018
2 614534167
1 173368344
3 63 956760267
3 84 117898945
3 14 426664225
3 57 290854469
2 891318397
3 32 808013832
1 126187691
2 312079848
3 49 291395581
2 194396851
3 41 413513753
